# Loop    RMSD[A]     Bump   BumpEx   BumpIn     Energy
# native      0.0    0.000        -        -   -578.502
       0    5.115    0.000    0.000    0.000 -207.36087
       1    6.491    0.000    0.000    0.000 -206.06793
       2    5.327    0.000    0.000    0.000 -235.75015
       3    6.351    0.000    0.000    0.000 -236.14974
       4    6.185    0.000    0.000    0.000 -211.67050
       5    7.526    0.000    0.000    0.000 -250.08678
       6    4.078    0.000    0.000    0.000 -204.92159
       7    5.793    0.000    0.000    0.000 -208.20960
       8    7.358    0.000    0.000    0.000 -205.89658
       9    5.057    0.000    0.000    0.000 -207.04631
      10    4.240    0.000    0.000    0.000 -208.62303
      11    5.554    0.000    0.000    0.000 -216.86832
      12    3.971    0.000    0.000    0.000 -281.11723
      13    4.134    0.000    0.000    0.000 -239.13776
      14    5.356    0.000    0.000    0.000 -210.13546
      15    5.398    0.000    0.000    0.000 -214.88103
      16    5.834    0.000    0.000    0.000 -231.03227
      17    7.083    0.000    0.000    0.000 -215.29647
      18    3.964    0.000    0.000    0.000 -208.55613
      19    6.833    0.000    0.000    0.000 -208.72691
      20    4.965    0.000    0.000    0.000 -237.02883
      21    6.129    0.000    0.000    0.000 -206.76036
      22    3.558    0.000    0.000    0.000 -218.35465
      23    7.611    0.000    0.000    0.000 -224.70221
      24    6.670    0.000    0.000    0.000 -212.17544
      25    5.790    0.000    0.000    0.000 -225.78450
      26    7.024    0.000    0.000    0.000 -236.29462
      27    6.664    0.000    0.000    0.000 -210.26295
      28    5.905    0.000    0.000    0.000 -209.06218
      29    4.408    0.000    0.000    0.000 -207.63967
      30    6.532    0.000    0.000    0.000 -213.95310
      31    4.830    0.000    0.000    0.000 -235.56809
      32    1.926    0.000    0.000    0.000 -214.62849
      33    5.989    0.000    0.000    0.000 -250.99227
      34    5.656    0.000    0.000    0.000 -208.50169
      35    5.492    0.000    0.000    0.000 -211.07797
      36    4.002    0.000    0.000    0.000 -217.02784
      37    4.805    0.000    0.000    0.000 -255.88727
      38    5.271    0.000    0.000    0.000 -219.69767
      39    6.625    0.000    0.000    0.000 -228.76845
      40    6.568    0.000    0.000    0.000 -207.72855
      41    5.530    0.000    0.000    0.000 -223.70678
      42    6.251    0.000    0.000    0.000 -209.83041
      43    4.452    0.000    0.000    0.000 -227.13932
      44    3.100    0.000    0.000    0.000 -225.82146
      45    4.834    0.000    0.000    0.000 -218.73813
      46    5.310    0.000    0.000    0.000 -215.65913
      47    5.883    0.000    0.000    0.000 -205.97300
      48    7.358    0.000    0.000    0.000 -212.02726
      49    5.164    0.000    0.000    0.000 -224.64931
      50    5.216    0.000    0.000    0.000 -236.72628
      51    3.779    0.000    0.000    0.000 -227.60335
      52    4.480    0.000    0.000    0.000 -219.52857
      53    4.476    0.000    0.000    0.000 -228.33318
      54    6.097    0.000    0.000    0.000 -227.71762
      55    5.815    0.000    0.000    0.000 -208.80973
      56    5.083    0.000    0.000    0.000 -221.05707
      57    6.370    0.000    0.000    0.000 -236.22917
      58    5.192    0.000    0.000    0.000 -228.76337
      59    6.530    0.000    0.000    0.000 -232.21439
      60    4.832    0.000    0.000    0.000 -213.40889
      61    5.123    0.000    0.000    0.000 -252.29990
      62    5.402    0.000    0.000    0.000 -273.96670
      63    4.109    0.000    0.000    0.000 -256.27434
      64    5.411    0.000    0.000    0.000 -205.45301
      65    7.068    0.000    0.000    0.000 -273.21562
      66    2.822    0.000    0.000    0.000 -236.64902
      67    9.217    0.000    0.000    0.000 -212.35938
      68    3.312    0.000    0.000    0.000 -239.56393
      69    5.802    0.000    0.000    0.000 -211.30845
      70    3.863    0.000    0.000    0.000 -232.69495
      71    4.396    0.000    0.000    0.000 -210.23894
      72    5.057    0.000    0.000    0.000 -205.61058
      73    7.328    0.000    0.000    0.000 -220.17039
      74    4.370    0.000    0.000    0.000 -218.13024
      75    4.016    0.000    0.000    0.000 -230.10603
      76    5.436    0.000    0.000    0.000 -215.89601
      77    7.619    0.000    0.000    0.000 -205.43588
      78    2.188    0.000    0.000    0.000 -247.26144
      79    3.675    0.000    0.000    0.000 -206.21298
      80    5.560    0.000    0.000    0.000 -240.68235
      81    4.145    0.000    0.000    0.000 -220.55652
      82    4.848    0.000    0.000    0.000 -205.29337
      83    5.737    0.000    0.000    0.000 -219.31321
      84    5.950    0.000    0.000    0.000 -214.60007
      85    4.392    0.000    0.000    0.000 -235.10849
      86    6.378    0.000    0.000    0.000 -225.51240
      87    4.131    0.000    0.000    0.000 -206.81322
      88    6.672    0.000    0.000    0.000 -209.52457
      89    5.784    0.000    0.000    0.000 -222.57554
      90    4.721    0.000    0.000    0.000 -247.71167
      91    4.745    0.000    0.000    0.000 -249.66175
      92    5.902    0.000    0.000    0.000 -214.85698
      93    7.070    0.000    0.000    0.000 -222.22805
      94    4.704    0.000    0.000    0.000 -209.31792
      95    5.988    0.000    0.000    0.000 -262.98858
      96    7.025    0.000    0.000    0.000 -208.78897
      97    5.134    0.000    0.000    0.000 -205.93263
      98    4.957    0.000    0.000    0.000 -222.86774
      99    5.266    0.000    0.000    0.000 -219.39229
