# Loop    RMSD[A]     Bump   BumpEx   BumpIn     Energy
# native      0.0    0.000        -        -   -818.491
       0    1.641    0.000    0.000    0.000 -376.26493
       1    4.830    0.000    0.000    0.000 -351.32547
       2    3.190    0.000    0.000    0.000 -350.70567
       3    5.347    0.000    0.000    0.000 -390.69622
       4    5.060    0.000    0.000    0.000 -352.43949
       5    6.083    0.000    0.000    0.000 -349.45360
       6    5.455    0.000    0.000    0.000 -360.20527
       7    2.630    0.000    0.000    0.000 -340.09206
       8    2.290    0.000    0.000    0.000 -342.79745
       9    1.893    0.000    0.000    0.000 -363.28772
      10    2.254    0.000    0.000    0.000 -401.02021
      11    3.648    0.000    0.000    0.000 -348.23925
      12    6.696    0.000    0.000    0.000 -337.90998
      13    6.465    0.000    0.000    0.000 -367.22920
      14    3.477    0.000    0.000    0.000 -358.23564
      15    4.500    0.000    0.000    0.000 -405.92708
      16    3.312    0.000    0.000    0.000 -365.04676
      17    5.798    0.000    0.000    0.000 -336.30377
      18    5.328    0.000    0.000    0.000 -346.95964
      19    1.944    0.000    0.000    0.000 -364.94160
      20    5.373    0.000    0.000    0.000 -381.20935
      21    2.761    0.000    0.000    0.000 -345.72474
      22    3.602    0.000    0.000    0.000 -339.19730
      23    5.400    0.000    0.000    0.000 -390.96121
      24    5.862    0.000    0.000    0.000 -338.31224
      25    5.536    0.000    0.000    0.000 -337.42408
      26    2.118    0.000    0.000    0.000 -408.18521
      27    4.688    0.000    0.000    0.000 -335.47477
      28    2.181    0.000    0.000    0.000 -405.14076
      29    3.321    0.000    0.000    0.000 -357.28472
      30    6.000    0.000    0.000    0.000 -380.62247
      31    3.568    0.000    0.000    0.000 -373.59105
      32    4.139    0.000    0.000    0.000 -341.29274
      33    1.477    0.000    0.000    0.000 -401.34086
      34    2.605    0.000    0.000    0.000 -359.29323
      35    5.983    0.000    0.000    0.000 -365.49581
      36    5.147    0.000    0.000    0.000 -368.00569
      37    5.908    0.000    0.000    0.000 -347.30461
      38    4.383    0.000    0.000    0.000 -350.20472
      39    3.350    0.000    0.000    0.000 -404.53069
      40    1.071    0.000    0.000    0.000 -495.34644
      41    5.141    0.000    0.000    0.000 -344.59834
      42    5.604    0.000    0.000    0.000 -359.85081
      43    6.414    0.000    0.000    0.000 -345.79423
      44    3.677    0.000    0.000    0.000 -356.39326
      45    3.716    0.000    0.000    0.000 -367.50885
      46    2.108    0.000    0.000    0.000 -341.20195
      47    7.056    0.000    0.000    0.000 -421.75625
      48    3.587    0.000    0.000    0.000 -423.90658
      49    5.963    0.000    0.000    0.000 -340.52424
      50    4.388    0.000    0.000    0.000 -398.59956
      51    5.867    0.000    0.000    0.000 -368.41163
      52    4.397    0.000    0.000    0.000 -372.67241
      53    3.302    0.000    0.000    0.000 -366.63958
      54    1.771    0.000    0.000    0.000 -381.24475
      55    5.914    0.000    0.000    0.000 -336.31236
      56    4.520    0.000    0.000    0.000 -393.26938
      57    4.648    0.000    0.000    0.000 -366.77330
      58    5.377    0.000    0.000    0.000 -349.68786
      59    5.670    0.000    0.000    0.000 -353.03392
      60    4.033    0.000    0.000    0.000 -366.74954
      61    6.078    0.000    0.000    0.000 -383.48470
      62    2.612    0.000    0.000    0.000 -355.96133
      63    4.254    0.000    0.000    0.000 -348.68467
      64    6.261    0.000    0.000    0.000 -347.76845
      65    5.635    0.000    0.000    0.000 -368.33046
      66    4.721    0.000    0.000    0.000 -351.44910
      67    1.906    0.000    0.000    0.000 -357.60357
      68    2.328    0.000    0.000    0.000 -335.76229
      69    3.066    0.000    0.000    0.000 -359.31021
      70    4.420    0.000    0.000    0.000 -352.27143
      71    2.456    0.000    0.000    0.000 -378.72625
      72    1.904    0.000    0.000    0.000 -336.95182
      73    1.780    0.000    0.000    0.000 -335.16016
      74    5.041    0.000    0.000    0.000 -354.51886
      75    6.064    0.000    0.000    0.000 -337.24814
      76    2.025    0.000    0.000    0.000 -349.92963
      77    1.488    0.000    0.000    0.000 -399.04871
      78    6.079    0.000    0.000    0.000 -353.56875
      79    6.188    0.000    0.000    0.000 -351.06649
      80    1.807    0.000    0.000    0.000 -354.97020
      81    5.543    0.000    0.000    0.000 -341.48231
      82    5.381    0.000    0.000    0.000 -341.97344
      83    5.432    0.000    0.000    0.000 -382.85135
      84    5.872    0.000    0.000    0.000 -343.39020
      85    5.074    0.000    0.000    0.000 -453.37698
      86    5.030    0.000    0.000    0.000 -338.53979
      87    3.707    0.000    0.000    0.000 -364.25312
      88    2.489    0.000    0.000    0.000 -343.87011
      89    2.151    0.000    0.000    0.000 -350.43079
      90    5.613    0.000    0.000    0.000 -416.81909
      91    5.964    0.000    0.000    0.000 -352.37720
      92    3.677    0.000    0.000    0.000 -346.95944
      93    3.510    0.000    0.000    0.000 -387.26297
      94    2.087    0.000    0.000    0.000 -351.85801
      95    2.388    0.000    0.000    0.000 -352.98641
      96    5.406    0.000    0.000    0.000 -336.87304
      97    5.466    0.000    0.000    0.000 -352.26272
      98    3.302    0.000    0.000    0.000 -348.63529
      99    2.052    0.000    0.000    0.000 -384.31316
