# Loop    RMSD[A]     Bump   BumpEx   BumpIn     Energy
# native      0.0    0.000        -        -   -482.716
       0    8.384    0.000    0.000    0.000 -177.49975
       1    6.547    0.000    0.000    0.000 -222.73253
       2    6.528    0.000    0.000    0.000 -184.82895
       3    9.190    0.000    0.000    0.000 -177.60014
       4    6.357    0.000    0.000    0.000 -194.57239
       5    6.528    0.000    0.000    0.000 -197.02228
       6    7.073    0.000    0.000    0.000 -185.92419
       7    5.437    0.000    0.000    0.000 -186.12061
       8    9.004    0.000    0.000    0.000 -180.08453
       9    6.673    0.000    0.000    0.000 -188.46372
      10    9.172    0.000    0.000    0.000 -210.22798
      11    5.481    0.000    0.000    0.000 -197.00989
      12    9.118    0.000    0.000    0.000 -200.15549
      13    6.705    0.000    0.000    0.000 -182.23399
      14    6.298    0.000    0.000    0.000 -204.32934
      15    8.973    0.000    0.000    0.000 -178.43554
      16    9.651    0.000    0.000    0.000 -174.61664
      17    7.127    0.000    0.000    0.000 -194.04759
      18    5.908    0.000    0.000    0.000 -217.04095
      19    8.202    0.000    0.000    0.000 -197.54155
      20    6.491    0.000    0.000    0.000 -187.54110
      21    6.570    0.000    0.000    0.000 -190.76636
      22    7.429    0.000    0.000    0.000 -178.43334
      23    6.349    0.000    0.000    0.000 -175.03000
      24    9.509    0.000    0.000    0.000 -184.16526
      25    8.086    0.000    0.000    0.000 -174.14162
      26    5.184    0.000    0.000    0.000 -191.88696
      27    6.411    0.000    0.000    0.000 -189.44757
      28    7.433    0.000    0.000    0.000 -195.31190
      29    5.681    0.000    0.000    0.000 -211.87401
      30    6.192    0.000    0.000    0.000 -189.81708
      31    6.790    0.000    0.000    0.000 -174.49704
      32    5.858    0.000    0.000    0.000 -186.54576
      33    6.614    0.000    0.000    0.000 -186.12097
      34    5.840    0.000    0.000    0.000 -203.46394
      35    7.766    0.000    0.000    0.000 -196.59466
      36    5.503    0.000    0.000    0.000 -210.08998
      37    8.576    0.000    0.000    0.000 -191.67964
      38    7.245    0.000    0.000    0.000 -184.76980
      39    7.256    0.000    0.000    0.000 -206.04900
      40    5.702    0.000    0.000    0.000 -196.95128
      41    6.001    0.000    0.000    0.000 -193.44268
      42    8.895    0.000    0.000    0.000 -186.13018
      43    7.786    0.000    0.000    0.000 -208.14146
      44    6.489    0.000    0.000    0.000 -208.30283
      45    9.162    0.000    0.000    0.000 -182.77231
      46    8.192    0.000    0.000    0.000 -199.79503
      47    8.764    0.000    0.000    0.000 -190.69453
      48    6.934    0.000    0.000    0.000 -205.89669
      49    8.661    0.000    0.000    0.000 -203.97304
      50    6.683    0.000    0.000    0.000 -203.34521
      51    6.912    0.000    0.000    0.000 -197.70678
      52    9.272    0.000    0.000    0.000 -196.60886
      53    7.629    0.000    0.000    0.000 -185.81900
      54    5.817    0.000    0.000    0.000 -175.20879
      55    8.764    0.000    0.000    0.000 -185.47183
      56    7.977    0.000    0.000    0.000 -193.30324
      57    8.666    0.000    0.000    0.000 -176.91990
      58    5.338    0.000    0.000    0.000 -194.75815
      59    7.941    0.000    0.000    0.000 -181.33529
      60    7.693    0.000    0.000    0.000 -234.12861
      61    8.779    0.000    0.000    0.000 -183.08527
      62    6.631    0.000    0.000    0.000 -199.80298
      63    8.256    0.000    0.000    0.000 -188.74374
      64    5.282    0.000    0.000    0.000 -195.27529
      65    5.537    0.000    0.000    0.000 -194.49075
      66    8.152    0.000    0.000    0.000 -183.93560
      67    6.444    0.000    0.000    0.000 -192.51172
      68    7.808    0.000    0.000    0.000 -210.75284
      69    9.160    0.000    0.000    0.000 -189.62667
      70    8.172    0.000    0.000    0.000 -195.79031
      71    8.693    0.000    0.000    0.000 -192.65577
      72    7.263    0.000    0.000    0.000 -195.39333
      73    9.607    0.000    0.000    0.000 -184.63871
      74    6.740    0.000    0.000    0.000 -205.78255
      75    7.863    0.000    0.000    0.000 -179.43617
      76    7.331    0.000    0.000    0.000 -174.43779
      77    6.211    0.000    0.000    0.000 -186.42854
      78    6.657    0.000    0.000    0.000 -184.22226
      79    7.732    0.000    0.000    0.000 -194.95114
      80    7.931    0.000    0.000    0.000 -175.07900
      81    7.942    0.000    0.000    0.000 -174.83326
      82    7.455    0.000    0.000    0.000 -240.15596
      83    9.803    0.000    0.000    0.000 -206.40729
      84    5.749    0.000    0.000    0.000 -182.74170
      85    8.094    0.000    0.000    0.000 -184.04904
      86    7.758    0.000    0.000    0.000 -178.14792
      87    5.660    0.000    0.000    0.000 -175.38836
      88    7.228    0.000    0.000    0.000 -187.45167
      89    4.838    0.000    0.000    0.000 -183.27831
      90    5.848    0.000    0.000    0.000 -254.19536
      91    7.781    0.000    0.000    0.000 -204.10179
      92    7.165    0.000    0.000    0.000 -187.51895
      93    7.315    0.000    0.000    0.000 -189.70577
      94    5.481    0.000    0.000    0.000 -188.33287
      95    8.836    0.000    0.000    0.000 -196.15789
      96    7.359    0.000    0.000    0.000 -186.10229
      97    7.630    0.000    0.000    0.000 -229.16034
      98    8.644    0.000    0.000    0.000 -182.55663
      99    6.729    0.000    0.000    0.000 -208.31918
