# Loop    RMSD[A]     Bump   BumpEx   BumpIn     Energy
# native      0.0    0.000        -        -   -416.317
       0    5.706    0.000    0.000    0.000 -235.24389
       1    8.448    0.000    0.000    0.000 -213.25404
       2    8.238    0.000    0.000    0.000 -217.76420
       3    2.861    0.000    0.000    0.000 -283.50620
       4    3.786    0.000    0.000    0.000 -245.66234
       5    3.740    0.000    0.000    0.000 -229.95866
       6    5.335    0.000    0.000    0.000 -221.26899
       7    5.412    0.000    0.000    0.000 -208.54697
       8    5.144    0.000    0.000    0.000 -212.38319
       9    3.224    0.000    0.000    0.000 -208.11993
      10    9.291    0.000    0.000    0.000 -212.72870
      11   10.150    0.000    0.000    0.000 -207.41464
      12    7.915    0.000    0.000    0.000 -240.72968
      13    5.269    0.000    0.000    0.000 -225.81266
      14    5.633    0.000    0.000    0.000 -245.19591
      15    4.118    0.000    0.000    0.000 -226.94621
      16   10.425    0.000    0.000    0.000 -217.17372
      17    6.136    0.000    0.000    0.000 -207.59428
      18   10.114    0.000    0.000    0.000 -220.89612
      19    4.036    0.000    0.000    0.000 -205.06212
      20    5.946    0.000    0.000    0.000 -216.74109
      21    8.339    0.000    0.000    0.000 -235.85993
      22    5.820    0.000    0.000    0.000 -212.41506
      23    3.835    0.000    0.000    0.000 -228.40995
      24    3.314    0.000    0.000    0.000 -224.24100
      25    3.071    0.000    0.000    0.000 -224.57765
      26    6.848    0.000    0.000    0.000 -223.44844
      27    4.469    0.000    0.000    0.000 -216.66335
      28    8.086    0.000    0.000    0.000 -204.51098
      29    4.269    0.000    0.000    0.000 -236.95371
      30   10.513    0.000    0.000    0.000 -232.35253
      31    6.495    0.000    0.000    0.000 -249.70208
      32    3.647    0.000    0.000    0.000 -214.70539
      33    3.683    0.000    0.000    0.000 -225.69221
      34    6.265    0.000    0.000    0.000 -208.23454
      35    8.696    0.000    0.000    0.000 -221.08371
      36    4.449    0.000    0.000    0.000 -207.27555
      37    5.621    0.000    0.000    0.000 -205.56519
      38    6.267    0.000    0.000    0.000 -219.99950
      39    6.340    0.000    0.000    0.000 -206.18772
      40    5.298    0.000    0.000    0.000 -219.78135
      41    4.734    0.000    0.000    0.000 -228.64490
      42    9.424    0.000    0.000    0.000 -207.45888
      43    8.316    0.000    0.000    0.000 -218.68512
      44    3.830    0.000    0.000    0.000 -222.56156
      45    3.084    0.000    0.000    0.000 -217.81025
      46    3.595    0.000    0.000    0.000 -213.74154
      47    9.453    0.000    0.000    0.000 -223.79777
      48   10.476    0.000    0.000    0.000 -209.72209
      49    9.601    0.000    0.000    0.000 -215.46757
      50    6.518    0.000    0.000    0.000 -210.38269
      51    5.130    0.000    0.000    0.000 -215.70211
      52    3.666    0.000    0.000    0.000 -207.15696
      53    4.212    0.000    0.000    0.000 -217.81190
      54    8.922    0.000    0.000    0.000 -216.87377
      55    4.038    0.000    0.000    0.000 -265.76003
      56    7.986    0.000    0.000    0.000 -205.31008
      57    7.073    0.000    0.000    0.000 -237.06889
      58    4.941    0.000    0.000    0.000 -203.99316
      59    4.631    0.000    0.000    0.000 -233.90198
      60    7.342    0.000    0.000    0.000 -217.21563
      61    5.055    0.000    0.000    0.000 -217.80056
      62    4.012    0.000    0.000    0.000 -219.34959
      63    3.916    0.000    0.000    0.000 -240.95395
      64    2.081    0.000    0.000    0.000 -212.51887
      65    6.363    0.000    0.000    0.000 -204.19065
      66    4.186    0.000    0.000    0.000 -256.31842
      67    6.898    0.000    0.000    0.000 -223.09995
      68    2.764    0.000    0.000    0.000 -207.24890
      69    4.914    0.000    0.000    0.000 -248.27168
      70    5.481    0.000    0.000    0.000 -208.87368
      71    6.492    0.000    0.000    0.000 -219.40366
      72    6.136    0.000    0.000    0.000 -224.13466
      73    3.382    0.000    0.000    0.000 -219.36497
      74    5.978    0.000    0.000    0.000 -206.02402
      75    8.396    0.000    0.000    0.000 -207.29029
      76    7.844    0.000    0.000    0.000 -245.97697
      77    4.280    0.000    0.000    0.000 -232.18565
      78    7.789    0.000    0.000    0.000 -235.08873
      79    8.154    0.000    0.000    0.000 -233.58846
      80    5.183    0.000    0.000    0.000 -206.37756
      81    4.376    0.000    0.000    0.000 -209.88701
      82    2.263    0.000    0.000    0.000 -204.12961
      83    2.859    0.000    0.000    0.000 -213.17436
      84    9.746    0.000    0.000    0.000 -229.41462
      85    5.932    0.000    0.000    0.000 -235.59285
      86    8.015    0.000    0.000    0.000 -237.66856
      87    6.050    0.000    0.000    0.000 -204.82022
      88    6.323    0.000    0.000    0.000 -277.58965
      89    9.086    0.000    0.000    0.000 -230.78999
      90    4.567    0.000    0.000    0.000 -219.10878
      91    6.170    0.000    0.000    0.000 -204.75675
      92    4.127    0.000    0.000    0.000 -204.26963
      93    4.610    0.000    0.000    0.000 -215.23949
      94    7.984    0.000    0.000    0.000 -208.26703
      95    5.839    0.000    0.000    0.000 -234.32909
      96    4.592    0.000    0.000    0.000 -208.33106
      97    9.812    0.000    0.000    0.000 -205.59176
      98    3.848    0.000    0.000    0.000 -245.86868
      99    5.372    0.000    0.000    0.000 -243.06265
