# Loop    RMSD[A]     Bump   BumpEx   BumpIn     Energy
# native      0.0    0.000        -        -   -469.483
       0    2.323    0.000    0.000    0.000 -207.91210
       1    3.932    0.000    0.000    0.000 -228.30585
       2    4.595    0.000    0.000    0.000 -238.64373
       3    7.111    0.000    0.000    0.000 -188.02918
       4    4.040    0.000    0.000    0.000 -207.39919
       5    3.714    0.000    0.000    0.000 -228.05501
       6    6.025    0.000    0.000    0.000 -195.57348
       7    7.007    0.000    0.000    0.000 -199.98905
       8    3.704    0.000    0.000    0.000 -276.02960
       9    3.678    0.000    0.000    0.000 -180.52739
      10    5.254    0.000    0.000    0.000 -222.02229
      11    4.829    0.000    0.000    0.000 -206.57900
      12    5.273    0.000    0.000    0.000 -198.16027
      13    5.169    0.000    0.000    0.000 -209.71793
      14    5.905    0.000    0.000    0.000 -216.28606
      15    4.241    0.000    0.000    0.000 -188.99105
      16    2.284    0.000    0.000    0.000 -215.16498
      17    3.890    0.000    0.000    0.000 -235.32352
      18    6.128    0.000    0.000    0.000 -185.49784
      19    4.374    0.000    0.000    0.000 -208.93618
      20    3.286    0.000    0.000    0.000 -270.58370
      21    4.418    0.000    0.000    0.000 -192.22115
      22    7.608    0.000    0.000    0.000 -185.04913
      23    4.796    0.000    0.000    0.000 -181.53555
      24    2.411    0.000    0.000    0.000 -205.88031
      25    6.377    0.000    0.000    0.000 -192.84166
      26    8.284    0.000    0.000    0.000 -217.97596
      27    4.407    0.000    0.000    0.000 -195.83999
      28    4.766    0.000    0.000    0.000 -239.19453
      29    6.729    0.000    0.000    0.000 -203.11650
      30    5.594    0.000    0.000    0.000 -185.94395
      31    3.554    0.000    0.000    0.000 -194.80345
      32    5.009    0.000    0.000    0.000 -250.87895
      33    3.036    0.000    0.000    0.000 -193.34728
      34    6.357    0.000    0.000    0.000 -235.59091
      35    3.874    0.000    0.000    0.000 -206.43176
      36    4.327    0.000    0.000    0.000 -207.19704
      37    3.520    0.000    0.000    0.000 -252.38163
      38    8.501    0.000    0.000    0.000 -210.22287
      39    9.144    0.000    0.000    0.000 -197.89816
      40    4.747    0.000    0.000    0.000 -197.71685
      41    2.858    0.000    0.000    0.000 -198.26208
      42    3.072    0.000    0.000    0.000 -194.77830
      43    5.076    0.000    0.000    0.000 -200.17934
      44    8.112    0.000    0.000    0.000 -187.04215
      45    3.027    0.000    0.000    0.000 -247.88826
      46    2.685    0.000    0.000    0.000 -199.64317
      47    5.025    0.000    0.000    0.000 -195.63635
      48    5.241    0.000    0.000    0.000 -201.95473
      49    5.189    0.000    0.000    0.000 -230.85170
      50    4.568    0.000    0.000    0.000 -220.39391
      51    4.406    0.000    0.000    0.000 -218.92060
      52    7.325    0.000    0.000    0.000 -212.38851
      53    4.031    0.000    0.000    0.000 -204.67077
      54    4.261    0.000    0.000    0.000 -189.87541
      55    3.548    0.000    0.000    0.000 -264.33266
      56    7.932    0.000    0.000    0.000 -210.72774
      57    4.462    0.000    0.000    0.000 -183.99915
      58    3.845    0.000    0.000    0.000 -182.62839
      59    5.343    0.000    0.000    0.000 -206.44458
      60    7.651    0.000    0.000    0.000 -182.62855
      61    6.651    0.000    0.000    0.000 -207.34369
      62    5.655    0.000    0.000    0.000 -187.51889
      63    6.749    0.000    0.000    0.000 -186.93042
      64    4.886    0.000    0.000    0.000 -190.57418
      65    3.033    0.000    0.000    0.000 -255.73259
      66    4.720    0.000    0.000    0.000 -178.17855
      67    6.960    0.000    0.000    0.000 -195.58396
      68   11.323    0.000    0.000    0.000 -183.25909
      69   10.218    0.000    0.000    0.000 -182.63184
      70    2.166    0.000    0.000    0.000 -312.06523
      71    5.933    0.000    0.000    0.000 -184.28846
      72    6.601    0.000    0.000    0.000 -189.55253
      73    5.774    0.000    0.000    0.000 -223.28989
      74    2.157    0.000    0.000    0.000 -219.03180
      75    6.856    0.000    0.000    0.000 -178.93561
      76    5.019    0.000    0.000    0.000 -191.17726
      77    6.734    0.000    0.000    0.000 -198.51418
      78    6.880    0.000    0.000    0.000 -216.77107
      79    5.569    0.000    0.000    0.000 -178.52065
      80    2.547    0.000    0.000    0.000 -182.89733
      81    8.723    0.000    0.000    0.000 -183.13948
      82    7.134    0.000    0.000    0.000 -181.76288
      83    3.836    0.000    0.000    0.000 -178.98429
      84    3.421    0.000    0.000    0.000 -259.74070
      85    3.312    0.000    0.000    0.000 -184.22379
      86    3.587    0.000    0.000    0.000 -198.53905
      87    4.625    0.000    0.000    0.000 -188.55032
      88    6.562    0.000    0.000    0.000 -191.88200
      89    5.336    0.000    0.000    0.000 -182.76069
      90    6.276    0.000    0.000    0.000 -198.31271
      91    6.972    0.000    0.000    0.000 -180.63486
      92    5.762    0.000    0.000    0.000 -191.42013
      93    3.341    0.000    0.000    0.000 -180.69879
      94    3.665    0.000    0.000    0.000 -196.19426
      95    4.496    0.000    0.000    0.000 -245.79549
      96    3.842    0.000    0.000    0.000 -191.63510
      97    4.057    0.000    0.000    0.000 -224.01843
      98    3.840    0.000    0.000    0.000 -215.68388
      99   11.278    0.000    0.000    0.000 -179.27704
