# Loop    RMSD[A]     Bump   BumpEx   BumpIn     Energy
# native      0.0    0.000        -        -   -508.930
       0    8.311    0.000    0.000    0.000 -205.26627
       1    4.604    0.000    0.000    0.000 -193.88822
       2    2.528    0.000    0.000    0.000 -206.60850
       3    4.982    0.000    0.000    0.000 -205.31064
       4    4.675    0.000    0.000    0.000 -200.56040
       5    7.942    0.000    0.000    0.000 -192.93209
       6    5.010    0.000    0.000    0.000 -194.53510
       7    4.124    0.000    0.000    0.000 -228.55424
       8    3.869    0.000    0.000    0.000 -231.23037
       9    3.574    0.000    0.000    0.000 -225.33273
      10    7.594    0.000    0.000    0.000 -198.10862
      11    2.884    0.000    0.000    0.000 -205.84375
      12    4.280    0.000    0.000    0.000 -194.49768
      13    5.941    0.000    0.000    0.000 -223.63637
      14    3.122    0.000    0.000    0.000 -239.45094
      15    6.268    0.000    0.000    0.000 -202.37314
      16    4.855    0.000    0.000    0.000 -204.82023
      17    3.723    0.000    0.000    0.000 -246.17426
      18    3.362    0.000    0.000    0.000 -251.01725
      19    6.718    0.000    0.000    0.000 -211.67543
      20    4.957    0.000    0.000    0.000 -221.79498
      21    9.008    0.000    0.000    0.000 -199.80812
      22    5.030    0.000    0.000    0.000 -194.23532
      23    4.260    0.000    0.000    0.000 -195.81742
      24    6.774    0.000    0.000    0.000 -212.94882
      25    3.801    0.000    0.000    0.000 -234.23868
      26    5.019    0.000    0.000    0.000 -217.47980
      27    4.719    0.000    0.000    0.000 -240.59021
      28    4.215    0.000    0.000    0.000 -205.52412
      29    4.921    0.000    0.000    0.000 -208.31617
      30    4.475    0.000    0.000    0.000 -205.07694
      31    3.655    0.000    0.000    0.000 -210.59733
      32    2.975    0.000    0.000    0.000 -215.84181
      33    4.070    0.000    0.000    0.000 -225.63814
      34    4.989    0.000    0.000    0.000 -208.61440
      35    8.311    0.000    0.000    0.000 -230.15408
      36    7.397    0.000    0.000    0.000 -219.72231
      37    4.191    0.000    0.000    0.000 -244.90377
      38    2.669    0.000    0.000    0.000 -273.06238
      39    5.576    0.000    0.000    0.000 -284.09215
      40    4.667    0.000    0.000    0.000 -226.81456
      41    2.452    0.000    0.000    0.000 -237.58915
      42    3.489    0.000    0.000    0.000 -207.03637
      43    2.437    0.000    0.000    0.000 -201.98936
      44    4.376    0.000    0.000    0.000 -204.54427
      45    3.880    0.000    0.000    0.000 -253.43921
      46    4.050    0.000    0.000    0.000 -205.39624
      47    5.709    0.000    0.000    0.000 -231.76354
      48    5.532    0.000    0.000    0.000 -196.95870
      49    9.444    0.000    0.000    0.000 -208.83017
      50    6.252    0.000    0.000    0.000 -200.21160
      51    4.893    0.000    0.000    0.000 -217.66085
      52    5.473    0.000    0.000    0.000 -210.81612
      53    4.081    0.000    0.000    0.000 -209.15335
      54    2.961    0.000    0.000    0.000 -192.30291
      55    7.926    0.000    0.000    0.000 -197.71135
      56   10.713    0.000    0.000    0.000 -210.03376
      57    3.741    0.000    0.000    0.000 -227.14504
      58    4.940    0.000    0.000    0.000 -205.78463
      59    5.915    0.000    0.000    0.000 -219.51137
      60    3.275    0.000    0.000    0.000 -199.55694
      61    2.926    0.000    0.000    0.000 -241.61546
      62    5.771    0.000    0.000    0.000 -229.14570
      63    2.784    0.000    0.000    0.000 -267.25474
      64    6.564    0.000    0.000    0.000 -201.77931
      65    3.660    0.000    0.000    0.000 -214.10972
      66    2.770    0.000    0.000    0.000 -239.23452
      67    4.698    0.000    0.000    0.000 -208.70824
      68    6.485    0.000    0.000    0.000 -218.70124
      69    4.515    0.000    0.000    0.000 -203.60890
      70    6.736    0.000    0.000    0.000 -208.68715
      71   10.172    0.000    0.000    0.000 -195.97635
      72    3.235    0.000    0.000    0.000 -221.97715
      73    5.899    0.000    0.000    0.000 -209.06010
      74    7.143    0.000    0.000    0.000 -215.23936
      75    6.456    0.000    0.000    0.000 -245.68465
      76    6.271    0.000    0.000    0.000 -192.65315
      77    4.709    0.000    0.000    0.000 -195.59387
      78    6.687    0.000    0.000    0.000 -203.95568
      79    2.907    0.000    0.000    0.000 -217.00705
      80    9.665    0.000    0.000    0.000 -192.62209
      81    5.289    0.000    0.000    0.000 -192.63198
      82    1.825    0.000    0.000    0.000 -261.10968
      83    3.472    0.000    0.000    0.000 -220.59522
      84   11.023    0.000    0.000    0.000 -194.50198
      85    5.433    0.000    0.000    0.000 -234.14242
      86    4.314    0.000    0.000    0.000 -205.86679
      87    4.341    0.000    0.000    0.000 -223.62650
      88    3.630    0.000    0.000    0.000 -253.38888
      89    5.559    0.000    0.000    0.000 -205.19700
      90    2.369    0.000    0.000    0.000 -208.28864
      91    7.144    0.000    0.000    0.000 -209.50733
      92    7.983    0.000    0.000    0.000 -211.93596
      93    4.237    0.000    0.000    0.000 -235.96682
      94    5.030    0.000    0.000    0.000 -194.28634
      95    2.396    0.000    0.000    0.000 -295.15296
      96    3.518    0.000    0.000    0.000 -250.06481
      97    5.504    0.000    0.000    0.000 -192.58039
      98    3.658    0.000    0.000    0.000 -236.93234
      99    5.432    0.000    0.000    0.000 -247.57063
