# Loop    RMSD[A]     Bump   BumpEx   BumpIn     Energy
# native      0.0    0.000        -        -   -635.628
       0    5.460    0.000    0.000    0.000 -286.66766
       1    5.272    0.000    0.000    0.000 -289.82975
       2    5.302    0.000    0.000    0.000 -355.49879
       3    5.053    0.000    0.000    0.000 -313.90288
       4    4.347    0.000    0.000    0.000 -313.86975
       5    4.376    0.000    0.000    0.000 -402.20971
       6    4.960    0.000    0.000    0.000 -292.09058
       7    6.268    0.000    0.000    0.000 -281.36977
       8    4.252    0.000    0.000    0.000 -314.29082
       9    4.760    0.000    0.000    0.000 -273.75895
      10    5.777    0.000    0.000    0.000 -296.42462
      11    5.069    0.000    0.000    0.000 -286.46401
      12    3.914    0.000    0.000    0.000 -302.81744
      13    4.801    0.000    0.000    0.000 -277.22006
      14    5.179    0.000    0.000    0.000 -313.85676
      15    3.735    0.000    0.000    0.000 -292.13489
      16    4.469    0.000    0.000    0.000 -296.33426
      17    3.509    0.000    0.000    0.000 -325.34627
      18    6.691    0.000    0.000    0.000 -276.38465
      19    5.951    0.000    0.000    0.000 -303.43525
      20    5.060    0.000    0.000    0.000 -290.74426
      21    3.902    0.000    0.000    0.000 -291.35013
      22    3.480    0.000    0.000    0.000 -373.94584
      23    4.396    0.000    0.000    0.000 -286.06634
      24    4.889    0.000    0.000    0.000 -334.98265
      25    4.577    0.000    0.000    0.000 -292.09365
      26    5.548    0.000    0.000    0.000 -274.39338
      27    3.593    0.000    0.000    0.000 -336.91612
      28    4.241    0.000    0.000    0.000 -272.75225
      29    5.372    0.000    0.000    0.000 -313.81214
      30    5.434    0.000    0.000    0.000 -274.66689
      31    3.810    0.000    0.000    0.000 -339.48280
      32    3.685    0.000    0.000    0.000 -369.70139
      33    4.745    0.000    0.000    0.000 -276.84796
      34    2.384    0.000    0.000    0.000 -285.72373
      35    4.295    0.000    0.000    0.000 -291.16340
      36    5.618    0.000    0.000    0.000 -333.84655
      37    4.241    0.000    0.000    0.000 -298.27741
      38    2.965    0.000    0.000    0.000 -272.79543
      39    5.603    0.000    0.000    0.000 -296.26584
      40    6.067    0.000    0.000    0.000 -300.55070
      41    5.170    0.000    0.000    0.000 -272.52266
      42    2.986    0.000    0.000    0.000 -340.55464
      43    5.141    0.000    0.000    0.000 -307.08729
      44    4.850    0.000    0.000    0.000 -278.81513
      45    6.933    0.000    0.000    0.000 -326.36893
      46    5.253    0.000    0.000    0.000 -286.39361
      47    4.687    0.000    0.000    0.000 -275.32935
      48    5.731    0.000    0.000    0.000 -279.30751
      49    4.224    0.000    0.000    0.000 -273.09688
      50    5.422    0.000    0.000    0.000 -327.87610
      51    5.596    0.000    0.000    0.000 -283.49090
      52    6.810    0.000    0.000    0.000 -292.02484
      53    4.907    0.000    0.000    0.000 -273.09356
      54    4.480    0.000    0.000    0.000 -329.63657
      55    4.322    0.000    0.000    0.000 -294.72621
      56    3.059    0.000    0.000    0.000 -295.36661
      57    4.322    0.000    0.000    0.000 -292.84755
      58    6.385    0.000    0.000    0.000 -331.82371
      59    4.491    0.000    0.000    0.000 -281.04819
      60    3.477    0.000    0.000    0.000 -294.89735
      61    3.743    0.000    0.000    0.000 -279.47408
      62    4.546    0.000    0.000    0.000 -293.96649
      63    4.290    0.000    0.000    0.000 -295.13284
      64    3.864    0.000    0.000    0.000 -277.57124
      65    5.598    0.000    0.000    0.000 -273.97542
      66    4.224    0.000    0.000    0.000 -361.87008
      67    5.520    0.000    0.000    0.000 -309.79035
      68    3.473    0.000    0.000    0.000 -348.39630
      69    6.295    0.000    0.000    0.000 -292.51251
      70    5.726    0.000    0.000    0.000 -297.84540
      71    3.365    0.000    0.000    0.000 -273.25994
      72    4.915    0.000    0.000    0.000 -272.12884
      73    3.229    0.000    0.000    0.000 -294.98706
      74    4.738    0.000    0.000    0.000 -321.02674
      75    3.955    0.000    0.000    0.000 -306.29920
      76    4.240    0.000    0.000    0.000 -273.24510
      77    4.437    0.000    0.000    0.000 -308.45678
      78    6.194    0.000    0.000    0.000 -277.34331
      79    7.963    0.000    0.000    0.000 -293.14872
      80    3.339    0.000    0.000    0.000 -297.14994
      81    5.131    0.000    0.000    0.000 -286.38284
      82    3.254    0.000    0.000    0.000 -294.10958
      83    3.610    0.000    0.000    0.000 -394.35928
      84    4.027    0.000    0.000    0.000 -280.13988
      85    4.022    0.000    0.000    0.000 -283.94914
      86    5.522    0.000    0.000    0.000 -277.45827
      87    3.978    0.000    0.000    0.000 -335.51368
      88    6.372    0.000    0.000    0.000 -274.95878
      89    4.750    0.000    0.000    0.000 -281.21586
      90    6.282    0.000    0.000    0.000 -273.89833
      91    2.704    0.000    0.000    0.000 -340.73302
      92    4.767    0.000    0.000    0.000 -283.75206
      93    6.140    0.000    0.000    0.000 -309.67647
      94    7.083    0.000    0.000    0.000 -290.87548
      95    4.266    0.000    0.000    0.000 -323.02053
      96    4.765    0.000    0.000    0.000 -306.25175
      97    3.094    0.000    0.000    0.000 -361.17471
      98    5.077    0.000    0.000    0.000 -333.07922
      99    3.064    0.000    0.000    0.000 -323.56384
