# Loop    RMSD[A]     Bump   BumpEx   BumpIn     Energy
# native      0.0    0.000        -        -   -568.625
       0    6.680    0.000    0.000    0.000 -210.52592
       1    7.818    0.000    0.000    0.000 -204.85746
       2    6.317    0.000    0.000    0.000 -208.28587
       3    7.511    0.000    0.000    0.000 -207.61853
       4    6.458    0.000    0.000    0.000 -213.01591
       5    7.146    0.000    0.000    0.000 -211.14688
       6    7.620    0.000    0.000    0.000 -237.57810
       7    6.535    0.000    0.000    0.000 -227.81311
       8    6.507    0.000    0.000    0.000 -238.41324
       9    7.927    0.000    0.000    0.000 -209.53515
      10    4.084    0.000    0.000    0.000 -208.71722
      11    7.362    0.000    0.000    0.000 -222.72712
      12    6.734    0.000    0.000    0.000 -206.04975
      13    4.993    0.000    0.000    0.000 -236.59213
      14    6.196    0.000    0.000    0.000 -212.72816
      15    9.328    0.000    0.000    0.000 -238.62620
      16    6.121    0.000    0.000    0.000 -208.75576
      17    7.783    0.000    0.000    0.000 -211.90801
      18    6.458    0.000    0.000    0.000 -213.29253
      19    5.363    0.000    0.000    0.000 -246.69815
      20    8.340    0.000    0.000    0.000 -212.62527
      21    7.500    0.000    0.000    0.000 -212.98232
      22    5.370    0.000    0.000    0.000 -207.84562
      23    4.468    0.000    0.000    0.000 -208.67671
      24    5.565    0.000    0.000    0.000 -259.30246
      25    5.726    0.000    0.000    0.000 -227.89676
      26    6.127    0.000    0.000    0.000 -210.10332
      27    4.153    0.000    0.000    0.000 -240.35755
      28    6.577    0.000    0.000    0.000 -232.79316
      29    6.942    0.000    0.000    0.000 -210.48666
      30    7.171    0.000    0.000    0.000 -222.01103
      31    5.545    0.000    0.000    0.000 -220.80436
      32    7.370    0.000    0.000    0.000 -220.88274
      33    6.091    0.000    0.000    0.000 -236.37105
      34    8.030    0.000    0.000    0.000 -213.71755
      35    4.120    0.000    0.000    0.000 -252.68456
      36    6.146    0.000    0.000    0.000 -205.76992
      37    6.752    0.000    0.000    0.000 -235.37921
      38    6.448    0.000    0.000    0.000 -206.66847
      39    5.677    0.000    0.000    0.000 -212.82036
      40    5.161    0.000    0.000    0.000 -210.41272
      41    4.613    0.000    0.000    0.000 -255.01080
      42    7.900    0.000    0.000    0.000 -257.63549
      43    6.282    0.000    0.000    0.000 -208.81158
      44    4.121    0.000    0.000    0.000 -239.77621
      45    7.148    0.000    0.000    0.000 -212.43286
      46    6.765    0.000    0.000    0.000 -223.57230
      47    8.541    0.000    0.000    0.000 -211.64447
      48    7.793    0.000    0.000    0.000 -232.31015
      49    5.005    0.000    0.000    0.000 -279.42740
      50    7.627    0.000    0.000    0.000 -223.27160
      51    8.363    0.000    0.000    0.000 -236.32092
      52    4.701    0.000    0.000    0.000 -236.21026
      53    6.796    0.000    0.000    0.000 -220.91532
      54    7.012    0.000    0.000    0.000 -219.74262
      55    6.063    0.000    0.000    0.000 -221.65377
      56    7.776    0.000    0.000    0.000 -242.39969
      57    6.554    0.000    0.000    0.000 -231.20331
      58    8.480    0.000    0.000    0.000 -217.44365
      59    5.749    0.000    0.000    0.000 -221.86659
      60    7.421    0.000    0.000    0.000 -236.15204
      61    6.035    0.000    0.000    0.000 -231.81067
      62    5.533    0.000    0.000    0.000 -236.28878
      63    7.897    0.000    0.000    0.000 -211.05166
      64    7.605    0.000    0.000    0.000 -226.76310
      65    6.418    0.000    0.000    0.000 -212.97496
      66    5.603    0.000    0.000    0.000 -207.06699
      67    6.803    0.000    0.000    0.000 -222.94981
      68    6.395    0.000    0.000    0.000 -214.75528
      69    4.672    0.000    0.000    0.000 -213.07156
      70    6.875    0.000    0.000    0.000 -207.95027
      71    7.266    0.000    0.000    0.000 -219.70631
      72    8.397    0.000    0.000    0.000 -208.37205
      73    3.842    0.000    0.000    0.000 -258.10599
      74    7.758    0.000    0.000    0.000 -207.15294
      75    9.487    0.000    0.000    0.000 -211.00944
      76    6.575    0.000    0.000    0.000 -232.17025
      77    5.773    0.000    0.000    0.000 -211.41867
      78    8.310    0.000    0.000    0.000 -225.19116
      79    7.522    0.000    0.000    0.000 -228.27229
      80    7.143    0.000    0.000    0.000 -205.98851
      81    5.945    0.000    0.000    0.000 -215.27008
      82    6.301    0.000    0.000    0.000 -206.42187
      83    5.754    0.000    0.000    0.000 -219.20799
      84    7.502    0.000    0.000    0.000 -214.89798
      85    6.927    0.000    0.000    0.000 -220.27219
      86    6.658    0.000    0.000    0.000 -228.45878
      87    4.902    0.000    0.000    0.000 -211.41003
      88    7.736    0.000    0.000    0.000 -210.13033
      89    7.033    0.000    0.000    0.000 -214.75990
      90    6.043    0.000    0.000    0.000 -224.98452
      91    7.790    0.000    0.000    0.000 -208.16856
      92    7.812    0.000    0.000    0.000 -233.76803
      93    7.022    0.000    0.000    0.000 -222.32937
      94    8.422    0.000    0.000    0.000 -210.31434
      95    4.833    0.000    0.000    0.000 -247.12320
      96    6.486    0.000    0.000    0.000 -224.06238
      97    6.773    0.000    0.000    0.000 -260.52775
      98    7.540    0.000    0.000    0.000 -233.59704
      99    6.555    0.000    0.000    0.000 -215.07845
