# Loop    RMSD[A]     Bump   BumpEx   BumpIn     Energy
# native      0.0    0.000        -        -   -455.300
       0    6.835    0.000    0.000    0.000 -244.39968
       1    3.009    0.000    0.000    0.000 -248.02170
       2    9.084    0.000    0.000    0.000 -251.77424
       3    2.428    0.000    0.000    0.000 -307.13815
       4    7.618    0.000    0.000    0.000 -251.74619
       5    8.801    0.000    0.000    0.000 -245.75910
       6    4.143    0.000    0.000    0.000 -291.62898
       7    6.931    0.000    0.000    0.000 -265.03360
       8    2.979    0.000    0.000    0.000 -279.44757
       9    8.251    0.000    0.000    0.000 -303.42789
      10    8.968    0.000    0.000    0.000 -260.05146
      11    7.451    0.000    0.000    0.000 -251.76373
      12    2.041    0.000    0.000    0.000 -252.35455
      13    8.966    0.000    0.000    0.000 -272.52380
      14    7.699    0.000    0.000    0.000 -320.42405
      15    3.312    0.000    0.000    0.000 -246.98660
      16    9.035    0.000    0.000    0.000 -246.30672
      17    2.452    0.000    0.000    0.000 -306.56334
      18    6.518    0.000    0.000    0.000 -286.13077
      19    7.832    0.000    0.000    0.000 -271.16040
      20    3.168    0.000    0.000    0.000 -286.86452
      21    9.042    0.000    0.000    0.000 -246.00588
      22    8.236    0.000    0.000    0.000 -293.57794
      23    9.128    0.000    0.000    0.000 -286.60005
      24    5.353    0.000    0.000    0.000 -279.99126
      25    1.903    0.000    0.000    0.000 -321.37653
      26    2.900    0.000    0.000    0.000 -283.98197
      27    8.206    0.000    0.000    0.000 -250.87603
      28    5.083    0.000    0.000    0.000 -252.13973
      29    3.944    0.000    0.000    0.000 -258.29163
      30    7.567    0.000    0.000    0.000 -257.14723
      31    2.463    0.000    0.000    0.000 -267.58854
      32    7.100    0.000    0.000    0.000 -252.55823
      33    8.989    0.000    0.000    0.000 -268.66764
      34    3.395    0.000    0.000    0.000 -319.50960
      35    4.777    0.000    0.000    0.000 -264.88391
      36    7.907    0.000    0.000    0.000 -285.22488
      37    6.577    0.000    0.000    0.000 -255.95424
      38    8.951    0.000    0.000    0.000 -248.80766
      39    2.860    0.000    0.000    0.000 -302.56013
      40    5.342    0.000    0.000    0.000 -245.63969
      41    2.233    0.000    0.000    0.000 -261.94627
      42   11.517    0.000    0.000    0.000 -248.15998
      43    7.691    0.000    0.000    0.000 -299.44918
      44    4.231    0.000    0.000    0.000 -268.77163
      45    8.293    0.000    0.000    0.000 -266.85239
      46    4.439    0.000    0.000    0.000 -268.00328
      47    7.661    0.000    0.000    0.000 -281.20084
      48    5.532    0.000    0.000    0.000 -263.15028
      49    2.238    0.000    0.000    0.000 -263.65969
      50    9.205    0.000    0.000    0.000 -277.25724
      51    5.097    0.000    0.000    0.000 -249.86887
      52    8.281    0.000    0.000    0.000 -305.71028
      53    1.660    0.000    0.000    0.000 -287.37663
      54    9.016    0.000    0.000    0.000 -258.57582
      55    4.803    0.000    0.000    0.000 -273.32950
      56    9.000    0.000    0.000    0.000 -295.41109
      57    6.898    0.000    0.000    0.000 -269.55061
      58    8.474    0.000    0.000    0.000 -248.00793
      59    5.119    0.000    0.000    0.000 -247.22834
      60    4.800    0.000    0.000    0.000 -295.81435
      61    5.318    0.000    0.000    0.000 -259.08277
      62    9.307    0.000    0.000    0.000 -258.81239
      63    5.536    0.000    0.000    0.000 -257.45411
      64    6.645    0.000    0.000    0.000 -250.63733
      65    3.584    0.000    0.000    0.000 -271.80517
      66    7.661    0.000    0.000    0.000 -271.47814
      67    3.373    0.000    0.000    0.000 -309.23452
      68    6.750    0.000    0.000    0.000 -250.65413
      69    8.413    0.000    0.000    0.000 -286.74126
      70    9.749    0.000    0.000    0.000 -288.83271
      71    9.351    0.000    0.000    0.000 -258.72069
      72    8.203    0.000    0.000    0.000 -248.71405
      73    6.399    0.000    0.000    0.000 -250.39512
      74    8.657    0.000    0.000    0.000 -261.80850
      75    3.732    0.000    0.000    0.000 -307.81869
      76    8.150    0.000    0.000    0.000 -264.00440
      77    8.030    0.000    0.000    0.000 -262.63751
      78    9.577    0.000    0.000    0.000 -245.28334
      79    7.552    0.000    0.000    0.000 -269.08565
      80    9.738    0.000    0.000    0.000 -256.50991
      81    9.305    0.000    0.000    0.000 -247.96540
      82    9.580    0.000    0.000    0.000 -280.27231
      83    3.429    0.000    0.000    0.000 -266.58071
      84    7.528    0.000    0.000    0.000 -309.06051
      85    6.246    0.000    0.000    0.000 -308.26122
      86    3.978    0.000    0.000    0.000 -270.00999
      87    9.018    0.000    0.000    0.000 -282.01462
      88    8.051    0.000    0.000    0.000 -287.77364
      89    7.694    0.000    0.000    0.000 -260.02378
      90    6.918    0.000    0.000    0.000 -300.32433
      91    7.717    0.000    0.000    0.000 -280.64388
      92    7.144    0.000    0.000    0.000 -244.60049
      93    7.302    0.000    0.000    0.000 -261.39556
      94    1.781    0.000    0.000    0.000 -276.77745
      95    9.441    0.000    0.000    0.000 -282.38320
      96    9.928    0.000    0.000    0.000 -264.59218
      97    9.674    0.000    0.000    0.000 -287.80363
      98    9.567    0.000    0.000    0.000 -262.15458
      99    8.711    0.000    0.000    0.000 -293.49657
