# Loop    RMSD[A]     Bump   BumpEx   BumpIn     Energy
# native      0.0    0.000        -        -   -514.955
       0    2.641    0.000    0.000    0.000 -309.20771
       1    2.526    0.000    0.000    0.000 -289.92719
       2    3.325    0.000    0.000    0.000 -293.79513
       3    3.554    0.000    0.000    0.000 -324.91875
       4    2.225    0.000    0.000    0.000 -285.41138
       5    3.369    0.000    0.000    0.000 -299.19551
       6    2.908    0.000    0.000    0.000 -302.06447
       7    3.040    0.000    0.000    0.000 -320.36641
       8    2.571    0.000    0.000    0.000 -328.02144
       9    3.068    0.000    0.000    0.000 -290.02011
      10    4.813    0.000    0.000    0.000 -291.67763
      11    2.520    0.000    0.000    0.000 -307.76463
      12    4.923    0.000    0.000    0.000 -294.37777
      13    2.970    0.000    0.000    0.000 -333.91333
      14    3.004    0.000    0.000    0.000 -308.08161
      15    4.162    0.000    0.000    0.000 -313.29343
      16    2.754    0.000    0.000    0.000 -320.18964
      17    2.635    0.000    0.000    0.000 -322.01763
      18    4.389    0.000    0.000    0.000 -290.68677
      19    2.649    0.000    0.000    0.000 -291.77582
      20    2.400    0.000    0.000    0.000 -285.71335
      21    4.798    0.000    0.000    0.000 -300.19762
      22    3.019    0.000    0.000    0.000 -344.23511
      23    2.625    0.000    0.000    0.000 -340.39249
      24    3.987    0.000    0.000    0.000 -285.20250
      25    2.764    0.000    0.000    0.000 -347.36794
      26    2.906    0.000    0.000    0.000 -313.74165
      27    1.704    0.000    0.000    0.000 -379.25453
      28    4.141    0.000    0.000    0.000 -301.77219
      29    3.757    0.000    0.000    0.000 -293.52526
      30    3.835    0.000    0.000    0.000 -286.90646
      31    4.207    0.000    0.000    0.000 -286.78138
      32    2.962    0.000    0.000    0.000 -307.51098
      33    4.607    0.000    0.000    0.000 -296.16362
      34    2.387    0.000    0.000    0.000 -430.66321
      35    3.233    0.000    0.000    0.000 -342.54061
      36    3.462    0.000    0.000    0.000 -283.43869
      37    3.631    0.000    0.000    0.000 -328.03404
      38    2.660    0.000    0.000    0.000 -302.33695
      39    4.278    0.000    0.000    0.000 -298.82703
      40    3.108    0.000    0.000    0.000 -320.60195
      41    3.913    0.000    0.000    0.000 -307.54094
      42    3.150    0.000    0.000    0.000 -335.53916
      43    3.298    0.000    0.000    0.000 -284.56327
      44    4.617    0.000    0.000    0.000 -322.09793
      45    3.066    0.000    0.000    0.000 -308.10459
      46    3.650    0.000    0.000    0.000 -297.59694
      47    5.432    0.000    0.000    0.000 -292.00572
      48    3.523    0.000    0.000    0.000 -291.69219
      49    4.198    0.000    0.000    0.000 -305.98809
      50    2.563    0.000    0.000    0.000 -293.88522
      51    3.074    0.000    0.000    0.000 -330.73460
      52    5.110    0.000    0.000    0.000 -295.56541
      53    2.880    0.000    0.000    0.000 -342.41840
      54    2.651    0.000    0.000    0.000 -330.88479
      55    3.483    0.000    0.000    0.000 -315.92559
      56    4.075    0.000    0.000    0.000 -330.21679
      57    4.278    0.000    0.000    0.000 -294.14193
      58    4.980    0.000    0.000    0.000 -284.02888
      59    5.378    0.000    0.000    0.000 -298.19335
      60    4.168    0.000    0.000    0.000 -283.60955
      61    5.353    0.000    0.000    0.000 -292.61518
      62    3.015    0.000    0.000    0.000 -398.19283
      63    4.976    0.000    0.000    0.000 -296.11166
      64    3.245    0.000    0.000    0.000 -315.20301
      65    3.513    0.000    0.000    0.000 -315.09093
      66    3.514    0.000    0.000    0.000 -316.68156
      67    3.013    0.000    0.000    0.000 -317.27398
      68    2.146    0.000    0.000    0.000 -359.13209
      69    1.904    0.000    0.000    0.000 -369.37485
      70    3.325    0.000    0.000    0.000 -294.60237
      71    2.300    0.000    0.000    0.000 -322.01327
      72    1.632    0.000    0.000    0.000 -391.84374
      73    3.140    0.000    0.000    0.000 -283.19499
      74    2.803    0.000    0.000    0.000 -349.55716
      75    5.305    0.000    0.000    0.000 -307.72948
      76    3.862    0.000    0.000    0.000 -341.83814
      77    3.898    0.000    0.000    0.000 -299.52067
      78    4.658    0.000    0.000    0.000 -298.31633
      79    4.607    0.000    0.000    0.000 -292.94809
      80    2.674    0.000    0.000    0.000 -337.03720
      81    3.140    0.000    0.000    0.000 -346.97228
      82    5.659    0.000    0.000    0.000 -293.46792
      83    3.210    0.000    0.000    0.000 -335.70189
      84    3.295    0.000    0.000    0.000 -342.05251
      85    4.822    0.000    0.000    0.000 -303.99970
      86    5.601    0.000    0.000    0.000 -283.61373
      87    3.778    0.000    0.000    0.000 -294.61337
      88    3.873    0.000    0.000    0.000 -331.51514
      89    4.329    0.000    0.000    0.000 -302.32000
      90    2.009    0.000    0.000    0.000 -348.97423
      91    3.186    0.000    0.000    0.000 -286.39606
      92    4.726    0.000    0.000    0.000 -298.13109
      93    3.158    0.000    0.000    0.000 -292.40908
      94    2.230    0.000    0.000    0.000 -340.53746
      95    3.924    0.000    0.000    0.000 -285.82564
      96    2.692    0.000    0.000    0.000 -310.16091
      97    2.928    0.000    0.000    0.000 -351.87074
      98    3.740    0.000    0.000    0.000 -316.75680
      99    2.544    0.000    0.000    0.000 -336.96368
