# Loop    RMSD[A]     Bump   BumpEx   BumpIn     Energy
# native      0.0    0.000        -        -   -360.365
       0    3.538    0.000    0.000    0.000 -264.86677
       1    2.313    0.000    0.000    0.000 -246.28556
       2    3.455    0.000    0.000    0.000 -238.19884
       3    4.806    0.000    0.000    0.000 -201.79251
       4    1.531    0.000    0.000    0.000 -231.74371
       5    3.565    0.000    0.000    0.000 -224.01501
       6    6.448    0.000    0.000    0.000 -216.07478
       7    3.109    0.000    0.000    0.000 -218.81373
       8    3.223    0.000    0.000    0.000 -228.26722
       9    1.571    0.000    0.000    0.000 -264.24441
      10    2.086    0.000    0.000    0.000 -219.50355
      11    3.082    0.000    0.000    0.000 -216.62676
      12    4.478    0.000    0.000    0.000 -209.38062
      13    1.441    0.000    0.000    0.000 -245.93106
      14    3.387    0.000    0.000    0.000 -205.73088
      15    3.744    0.000    0.000    0.000 -237.05892
      16    1.593    0.000    0.000    0.000 -232.28601
      17    1.649    0.000    0.000    0.000 -212.64905
      18    3.440    0.000    0.000    0.000 -255.48565
      19    5.696    0.000    0.000    0.000 -224.58064
      20    4.167    0.000    0.000    0.000 -206.02942
      21    6.296    0.000    0.000    0.000 -201.91826
      22    2.993    0.000    0.000    0.000 -250.45198
      23    3.167    0.000    0.000    0.000 -217.87643
      24    2.698    0.000    0.000    0.000 -210.03476
      25    2.718    0.000    0.000    0.000 -208.11859
      26    3.023    0.000    0.000    0.000 -235.84057
      27    3.363    0.000    0.000    0.000 -202.47946
      28    1.803    0.000    0.000    0.000 -264.79037
      29    2.343    0.000    0.000    0.000 -219.71007
      30    3.189    0.000    0.000    0.000 -206.24209
      31    4.478    0.000    0.000    0.000 -220.73651
      32    3.843    0.000    0.000    0.000 -222.99773
      33    2.012    0.000    0.000    0.000 -239.72174
      34    4.335    0.000    0.000    0.000 -209.12952
      35    2.607    0.000    0.000    0.000 -210.40990
      36    6.033    0.000    0.000    0.000 -205.73308
      37    2.240    0.000    0.000    0.000 -217.60619
      38    3.380    0.000    0.000    0.000 -226.88456
      39    3.833    0.000    0.000    0.000 -206.51212
      40    3.049    0.000    0.000    0.000 -216.54026
      41    2.419    0.000    0.000    0.000 -226.09795
      42    1.915    0.000    0.000    0.000 -239.76738
      43    1.932    0.000    0.000    0.000 -210.44814
      44    4.586    0.000    0.000    0.000 -211.48757
      45    4.392    0.000    0.000    0.000 -224.10197
      46    3.980    0.000    0.000    0.000 -226.35792
      47    3.016    0.000    0.000    0.000 -222.49694
      48    4.590    0.000    0.000    0.000 -206.13122
      49    1.469    0.000    0.000    0.000 -219.03264
      50    4.698    0.000    0.000    0.000 -203.84130
      51    1.959    0.000    0.000    0.000 -224.27614
      52    3.567    0.000    0.000    0.000 -206.05996
      53    1.967    0.000    0.000    0.000 -241.00653
      54    1.836    0.000    0.000    0.000 -209.97429
      55    5.145    0.000    0.000    0.000 -253.60730
      56    4.479    0.000    0.000    0.000 -224.43963
      57    4.101    0.000    0.000    0.000 -209.16831
      58    3.048    0.000    0.000    0.000 -230.00579
      59    4.048    0.000    0.000    0.000 -226.32028
      60    1.154    0.000    0.000    0.000 -222.82755
      61    3.468    0.000    0.000    0.000 -242.20865
      62    1.670    0.000    0.000    0.000 -299.54271
      63    3.788    0.000    0.000    0.000 -209.36590
      64    6.771    0.000    0.000    0.000 -210.36402
      65    3.354    0.000    0.000    0.000 -217.64445
      66    3.338    0.000    0.000    0.000 -233.26221
      67    3.512    0.000    0.000    0.000 -284.13998
      68    4.474    0.000    0.000    0.000 -278.48999
      69    3.554    0.000    0.000    0.000 -247.39827
      70    4.185    0.000    0.000    0.000 -224.09425
      71    4.673    0.000    0.000    0.000 -209.99249
      72    2.311    0.000    0.000    0.000 -273.05400
      73    2.004    0.000    0.000    0.000 -223.54343
      74    4.041    0.000    0.000    0.000 -202.67192
      75    1.590    0.000    0.000    0.000 -199.98370
      76    3.587    0.000    0.000    0.000 -256.20884
      77    3.206    0.000    0.000    0.000 -246.07222
      78    3.222    0.000    0.000    0.000 -209.41709
      79    4.285    0.000    0.000    0.000 -216.16979
      80    5.697    0.000    0.000    0.000 -235.00863
      81    1.603    0.000    0.000    0.000 -214.89569
      82    3.823    0.000    0.000    0.000 -216.75837
      83    2.824    0.000    0.000    0.000 -207.46872
      84    3.072    0.000    0.000    0.000 -205.17687
      85    1.935    0.000    0.000    0.000 -210.92339
      86    4.369    0.000    0.000    0.000 -260.29416
      87    3.889    0.000    0.000    0.000 -258.74228
      88    4.852    0.000    0.000    0.000 -207.74271
      89    2.281    0.000    0.000    0.000 -262.14330
      90    2.255    0.000    0.000    0.000 -203.49654
      91    1.377    0.000    0.000    0.000 -213.71200
      92    8.400    0.000    0.000    0.000 -203.01453
      93    2.497    0.000    0.000    0.000 -209.68757
      94    4.171    0.000    0.000    0.000 -216.67725
      95    2.844    0.000    0.000    0.000 -258.45271
      96    2.547    0.000    0.000    0.000 -219.64762
      97    1.935    0.000    0.000    0.000 -248.05470
      98    4.249    0.000    0.000    0.000 -215.87049
      99    1.781    0.000    0.000    0.000 -205.49725
