# Loop    RMSD[A]     Bump   BumpEx   BumpIn     Energy
# native      0.0    0.000        -        -   -556.724
       0    4.423    0.000    0.000    0.000 -276.25642
       1    3.490    0.000    0.000    0.000 -266.84899
       2    3.867    0.000    0.000    0.000 -281.46364
       3    3.573    0.000    0.000    0.000 -249.73350
       4    6.727    0.000    0.000    0.000 -285.70698
       5    2.439    0.000    0.000    0.000 -288.87195
       6    2.728    0.000    0.000    0.000 -300.69347
       7    2.361    0.000    0.000    0.000 -272.56675
       8    3.873    0.000    0.000    0.000 -278.86082
       9    6.251    0.000    0.000    0.000 -258.76896
      10    1.785    0.000    0.000    0.000 -336.16444
      11    2.585    0.000    0.000    0.000 -278.31496
      12    2.494    0.000    0.000    0.000 -271.88145
      13    3.178    0.000    0.000    0.000 -270.79651
      14    3.757    0.000    0.000    0.000 -249.20998
      15    5.407    0.000    0.000    0.000 -294.49729
      16    3.304    0.000    0.000    0.000 -263.44578
      17    2.794    0.000    0.000    0.000 -257.11646
      18    3.033    0.000    0.000    0.000 -263.12715
      19    2.599    0.000    0.000    0.000 -280.93433
      20    2.708    0.000    0.000    0.000 -259.65831
      21    3.493    0.000    0.000    0.000 -288.77958
      22    3.953    0.000    0.000    0.000 -283.29923
      23    3.609    0.000    0.000    0.000 -279.47264
      24    3.589    0.000    0.000    0.000 -249.25839
      25    5.617    0.000    0.000    0.000 -282.59755
      26    7.239    0.000    0.000    0.000 -262.11643
      27    7.379    0.000    0.000    0.000 -248.85693
      28    5.657    0.000    0.000    0.000 -268.68441
      29    2.834    0.000    0.000    0.000 -264.79835
      30    1.883    0.000    0.000    0.000 -308.30459
      31    4.099    0.000    0.000    0.000 -248.32716
      32    3.584    0.000    0.000    0.000 -262.89591
      33    2.033    0.000    0.000    0.000 -308.33714
      34    3.556    0.000    0.000    0.000 -250.75793
      35    6.020    0.000    0.000    0.000 -294.12875
      36    1.674    0.000    0.000    0.000 -296.68664
      37    2.202    0.000    0.000    0.000 -267.34965
      38    4.496    0.000    0.000    0.000 -309.74427
      39    3.849    0.000    0.000    0.000 -257.70320
      40    3.702    0.000    0.000    0.000 -251.18009
      41    2.037    0.000    0.000    0.000 -321.87865
      42    1.859    0.000    0.000    0.000 -291.74485
      43    2.868    0.000    0.000    0.000 -292.32063
      44    2.845    0.000    0.000    0.000 -276.55824
      45    6.324    0.000    0.000    0.000 -279.93114
      46    2.797    0.000    0.000    0.000 -256.36039
      47    4.580    0.000    0.000    0.000 -292.82451
      48    2.736    0.000    0.000    0.000 -273.54787
      49    3.645    0.000    0.000    0.000 -281.28619
      50    3.548    0.000    0.000    0.000 -248.75286
      51    6.953    0.000    0.000    0.000 -262.59668
      52    1.433    0.000    0.000    0.000 -344.79750
      53    4.445    0.000    0.000    0.000 -295.56069
      54    6.002    0.000    0.000    0.000 -266.63292
      55    1.930    0.000    0.000    0.000 -287.59139
      56    2.865    0.000    0.000    0.000 -255.94733
      57    2.908    0.000    0.000    0.000 -299.43223
      58    5.470    0.000    0.000    0.000 -255.30003
      59    3.160    0.000    0.000    0.000 -267.80100
      60    4.735    0.000    0.000    0.000 -249.47187
      61    3.718    0.000    0.000    0.000 -258.07730
      62    3.864    0.000    0.000    0.000 -283.40471
      63    2.580    0.000    0.000    0.000 -257.55811
      64    5.923    0.000    0.000    0.000 -249.80168
      65    1.976    0.000    0.000    0.000 -251.94996
      66    1.622    0.000    0.000    0.000 -296.62528
      67    3.226    0.000    0.000    0.000 -293.07788
      68    4.820    0.000    0.000    0.000 -254.25567
      69    5.768    0.000    0.000    0.000 -261.27665
      70    2.198    0.000    0.000    0.000 -281.37472
      71    2.774    0.000    0.000    0.000 -250.19220
      72    2.195    0.000    0.000    0.000 -321.34407
      73    5.535    0.000    0.000    0.000 -249.76044
      74    3.274    0.000    0.000    0.000 -295.10240
      75    6.468    0.000    0.000    0.000 -255.30502
      76    3.521    0.000    0.000    0.000 -328.64190
      77    1.712    0.000    0.000    0.000 -342.08630
      78    2.505    0.000    0.000    0.000 -298.15004
      79    3.311    0.000    0.000    0.000 -271.66654
      80    2.697    0.000    0.000    0.000 -304.56370
      81    3.197    0.000    0.000    0.000 -264.21603
      82    2.011    0.000    0.000    0.000 -277.03459
      83    2.896    0.000    0.000    0.000 -276.98276
      84    5.710    0.000    0.000    0.000 -255.26872
      85    2.977    0.000    0.000    0.000 -282.22235
      86    3.611    0.000    0.000    0.000 -281.51960
      87    3.989    0.000    0.000    0.000 -261.89233
      88    4.598    0.000    0.000    0.000 -280.01429
      89    1.576    0.000    0.000    0.000 -331.20707
      90    2.139    0.000    0.000    0.000 -280.59524
      91    2.773    0.000    0.000    0.000 -255.59409
      92    5.719    0.000    0.000    0.000 -262.54068
      93    3.908    0.000    0.000    0.000 -263.33168
      94    3.750    0.000    0.000    0.000 -275.25851
      95    2.294    0.000    0.000    0.000 -301.04477
      96    4.333    0.000    0.000    0.000 -250.29744
      97    3.403    0.000    0.000    0.000 -290.95322
      98    3.182    0.000    0.000    0.000 -329.74694
      99    5.942    0.000    0.000    0.000 -251.61957
