# Loop    RMSD[A]     Bump   BumpEx   BumpIn     Energy
# native      0.0    0.000        -        -   -409.345
       0    2.229    0.000    0.000    0.000 -288.01527
       1    1.958    0.000    0.000    0.000 -286.71313
       2    1.460    0.000    0.000    0.000 -283.85556
       3    2.657    0.000    0.000    0.000 -287.46485
       4    1.013    0.000    0.000    0.000 -281.38386
       5    2.729    0.000    0.000    0.000 -286.69235
       6    2.582    0.000    0.000    0.000 -298.26705
       7    1.330    0.000    0.000    0.000 -306.87944
       8    1.304    0.000    0.000    0.000 -284.20211
       9    2.056    0.000    0.000    0.000 -316.11920
      10    2.318    0.000    0.000    0.000 -306.07925
      11    1.441    0.000    0.000    0.000 -292.31432
      12    1.915    0.000    0.000    0.000 -285.21489
      13    1.975    0.000    0.000    0.000 -310.11611
      14    2.256    0.000    0.000    0.000 -298.49941
      15    4.895    0.000    0.000    0.000 -284.24657
      16    2.509    0.000    0.000    0.000 -291.10505
      17    0.839    0.000    0.000    0.000 -309.42612
      18    1.449    0.000    0.000    0.000 -285.90914
      19    1.772    0.000    0.000    0.000 -309.22461
      20    2.562    0.000    0.000    0.000 -292.85647
      21    1.010    0.000    0.000    0.000 -306.72192
      22    1.500    0.000    0.000    0.000 -337.69561
      23    1.649    0.000    0.000    0.000 -298.12896
      24    1.574    0.000    0.000    0.000 -349.91629
      25    2.261    0.000    0.000    0.000 -301.15253
      26    2.860    0.000    0.000    0.000 -297.57670
      27    3.055    0.000    0.000    0.000 -314.02863
      28    1.626    0.000    0.000    0.000 -298.49158
      29    1.259    0.000    0.000    0.000 -284.42877
      30    2.414    0.000    0.000    0.000 -306.76040
      31    1.981    0.000    0.000    0.000 -345.69136
      32    2.166    0.000    0.000    0.000 -292.79558
      33    2.467    0.000    0.000    0.000 -280.69541
      34    1.756    0.000    0.000    0.000 -294.56739
      35    2.367    0.000    0.000    0.000 -300.66166
      36    0.976    0.000    0.000    0.000 -365.88185
      37    2.162    0.000    0.000    0.000 -296.54708
      38    1.486    0.000    0.000    0.000 -312.17481
      39    1.907    0.000    0.000    0.000 -305.29964
      40    2.127    0.000    0.000    0.000 -342.51534
      41    2.527    0.000    0.000    0.000 -286.32857
      42    2.602    0.000    0.000    0.000 -282.90341
      43    2.519    0.000    0.000    0.000 -284.38417
      44    1.363    0.000    0.000    0.000 -331.74947
      45    0.954    0.000    0.000    0.000 -368.45652
      46    2.324    0.000    0.000    0.000 -323.99046
      47    1.516    0.000    0.000    0.000 -299.63366
      48    1.277    0.000    0.000    0.000 -323.40502
      49    2.902    0.000    0.000    0.000 -315.10901
      50    2.130    0.000    0.000    0.000 -303.08333
      51    2.499    0.000    0.000    0.000 -317.35112
      52    1.377    0.000    0.000    0.000 -303.24654
      53    1.750    0.000    0.000    0.000 -310.84254
      54    1.813    0.000    0.000    0.000 -322.25740
      55    1.920    0.000    0.000    0.000 -283.47630
      56    1.856    0.000    0.000    0.000 -361.32970
      57    2.410    0.000    0.000    0.000 -326.13349
      58    1.671    0.000    0.000    0.000 -296.61314
      59    2.643    0.000    0.000    0.000 -291.12766
      60    2.364    0.000    0.000    0.000 -282.26824
      61    2.444    0.000    0.000    0.000 -308.18946
      62    7.006    0.000    0.000    0.000 -304.27550
      63    1.985    0.000    0.000    0.000 -302.57096
      64    4.750    0.000    0.000    0.000 -301.41107
      65    2.911    0.000    0.000    0.000 -297.65616
      66    1.075    0.000    0.000    0.000 -289.15326
      67    2.316    0.000    0.000    0.000 -301.58744
      68    4.040    0.000    0.000    0.000 -294.60335
      69    5.146    0.000    0.000    0.000 -291.62432
      70    2.341    0.000    0.000    0.000 -285.83447
      71    1.516    0.000    0.000    0.000 -295.96012
      72    1.534    0.000    0.000    0.000 -293.12407
      73    0.921    0.000    0.000    0.000 -312.55981
      74    1.190    0.000    0.000    0.000 -306.13677
      75    2.843    0.000    0.000    0.000 -315.79071
      76    1.440    0.000    0.000    0.000 -311.62373
      77    2.382    0.000    0.000    0.000 -306.60476
      78    2.402    0.000    0.000    0.000 -285.18726
      79    4.329    0.000    0.000    0.000 -314.85299
      80    2.047    0.000    0.000    0.000 -289.60797
      81    3.341    0.000    0.000    0.000 -294.45143
      82    1.794    0.000    0.000    0.000 -281.21529
      83    1.903    0.000    0.000    0.000 -281.51414
      84    1.605    0.000    0.000    0.000 -288.78178
      85    1.280    0.000    0.000    0.000 -308.22904
      86    1.883    0.000    0.000    0.000 -285.76360
      87    1.362    0.000    0.000    0.000 -312.70837
      88    2.810    0.000    0.000    0.000 -293.46242
      89    2.485    0.000    0.000    0.000 -287.68696
      90    1.730    0.000    0.000    0.000 -293.91700
      91    1.427    0.000    0.000    0.000 -329.11058
      92    0.976    0.000    0.000    0.000 -295.21050
      93    2.490    0.000    0.000    0.000 -300.62841
      94    1.688    0.000    0.000    0.000 -283.98681
      95    1.819    0.000    0.000    0.000 -293.43183
      96    2.117    0.000    0.000    0.000 -290.79510
      97    2.470    0.000    0.000    0.000 -302.35814
      98    1.016    0.000    0.000    0.000 -280.94020
      99    1.760    0.000    0.000    0.000 -315.19347
