# Loop    RMSD[A]     Bump   BumpEx   BumpIn     Energy
# native      0.0    0.000        -        -   -534.709
       0    1.084    0.000    0.000    0.000 -383.20737
       1    2.778    0.000    0.000    0.000 -391.90051
       2    2.020    0.000    0.000    0.000 -403.10248
       3    2.344    0.000    0.000    0.000 -390.75381
       4    2.163    0.000    0.000    0.000 -397.34546
       5    2.461    0.000    0.000    0.000 -383.60648
       6    2.140    0.000    0.000    0.000 -403.48426
       7    1.640    0.000    0.000    0.000 -382.67396
       8    1.806    0.000    0.000    0.000 -404.30717
       9    2.015    0.000    0.000    0.000 -380.53719
      10    2.454    0.000    0.000    0.000 -387.29401
      11    1.480    0.000    0.000    0.000 -419.28309
      12    1.536    0.000    0.000    0.000 -414.76203
      13    2.346    0.000    0.000    0.000 -388.91969
      14    2.274    0.000    0.000    0.000 -400.15113
      15    2.074    0.000    0.000    0.000 -442.11350
      16    2.812    0.000    0.000    0.000 -382.56211
      17    2.303    0.000    0.000    0.000 -429.73542
      18    2.404    0.000    0.000    0.000 -392.82002
      19    2.608    0.000    0.000    0.000 -380.32242
      20    1.474    0.000    0.000    0.000 -378.78015
      21    2.659    0.000    0.000    0.000 -388.87912
      22    2.180    0.000    0.000    0.000 -386.46748
      23    1.469    0.000    0.000    0.000 -396.91070
      24    1.801    0.000    0.000    0.000 -412.99578
      25    1.998    0.000    0.000    0.000 -402.76715
      26    1.707    0.000    0.000    0.000 -394.78345
      27    2.169    0.000    0.000    0.000 -430.34940
      28    1.830    0.000    0.000    0.000 -385.70467
      29    1.799    0.000    0.000    0.000 -415.69250
      30    1.656    0.000    0.000    0.000 -381.80773
      31    2.427    0.000    0.000    0.000 -411.70109
      32    2.799    0.000    0.000    0.000 -398.63829
      33    1.226    0.000    0.000    0.000 -401.08062
      34    1.837    0.000    0.000    0.000 -388.35953
      35    2.240    0.000    0.000    0.000 -396.14641
      36    2.108    0.000    0.000    0.000 -384.02748
      37    0.911    0.000    0.000    0.000 -388.94051
      38    1.336    0.000    0.000    0.000 -402.54293
      39    2.719    0.000    0.000    0.000 -389.48246
      40    1.712    0.000    0.000    0.000 -380.45427
      41    2.145    0.000    0.000    0.000 -384.38187
      42    2.125    0.000    0.000    0.000 -392.58906
      43    2.767    0.000    0.000    0.000 -381.65866
      44    2.930    0.000    0.000    0.000 -383.22092
      45    2.149    0.000    0.000    0.000 -423.15434
      46    1.665    0.000    0.000    0.000 -401.65492
      47    2.667    0.000    0.000    0.000 -399.94845
      48    2.132    0.000    0.000    0.000 -391.20663
      49    2.334    0.000    0.000    0.000 -408.20876
      50    1.333    0.000    0.000    0.000 -381.44402
      51    2.249    0.000    0.000    0.000 -419.86283
      52    2.443    0.000    0.000    0.000 -423.44746
      53    1.280    0.000    0.000    0.000 -383.00599
      54    1.584    0.000    0.000    0.000 -389.78653
      55    1.749    0.000    0.000    0.000 -411.15416
      56    2.123    0.000    0.000    0.000 -411.94892
      57    2.523    0.000    0.000    0.000 -380.36722
      58    1.146    0.000    0.000    0.000 -380.17188
      59    2.592    0.000    0.000    0.000 -402.42432
      60    1.328    0.000    0.000    0.000 -440.56705
      61    1.871    0.000    0.000    0.000 -383.74931
      62    1.500    0.000    0.000    0.000 -405.08681
      63    1.289    0.000    0.000    0.000 -383.75941
      64    1.900    0.000    0.000    0.000 -415.24783
      65    1.778    0.000    0.000    0.000 -395.23917
      66    1.948    0.000    0.000    0.000 -416.74306
      67    2.662    0.000    0.000    0.000 -396.86097
      68    2.629    0.000    0.000    0.000 -400.09754
      69    2.680    0.000    0.000    0.000 -392.78122
      70    2.269    0.000    0.000    0.000 -415.41865
      71    2.112    0.000    0.000    0.000 -434.20421
      72    1.274    0.000    0.000    0.000 -381.57722
      73    1.588    0.000    0.000    0.000 -389.98914
      74    1.312    0.000    0.000    0.000 -394.60191
      75    2.172    0.000    0.000    0.000 -408.16392
      76    1.607    0.000    0.000    0.000 -450.55078
      77    1.573    0.000    0.000    0.000 -389.87795
      78    1.776    0.000    0.000    0.000 -385.91081
      79    2.011    0.000    0.000    0.000 -426.22273
      80    1.820    0.000    0.000    0.000 -412.36344
      81    2.360    0.000    0.000    0.000 -379.56810
      82    0.886    0.000    0.000    0.000 -408.14307
      83    2.448    0.000    0.000    0.000 -395.00295
      84    1.635    0.000    0.000    0.000 -385.39702
      85    1.515    0.000    0.000    0.000 -379.94585
      86    2.582    0.000    0.000    0.000 -388.80852
      87    2.442    0.000    0.000    0.000 -385.55152
      88    1.867    0.000    0.000    0.000 -455.59301
      89    2.018    0.000    0.000    0.000 -384.95468
      90    1.794    0.000    0.000    0.000 -396.14795
      91    2.204    0.000    0.000    0.000 -405.70380
      92    0.807    0.000    0.000    0.000 -425.56033
      93    1.622    0.000    0.000    0.000 -406.01881
      94    2.707    0.000    0.000    0.000 -395.27152
      95    1.841    0.000    0.000    0.000 -403.85213
      96    1.843    0.000    0.000    0.000 -440.47937
      97    1.920    0.000    0.000    0.000 -392.72582
      98    1.423    0.000    0.000    0.000 -385.31436
      99    2.870    0.000    0.000    0.000 -387.30068
