# Loop    RMSD[A]     Bump   BumpEx   BumpIn     Energy
# native      0.0    0.000        -        -   -457.927
       0    3.303    0.000    0.000    0.000 -347.76395
       1    2.675    0.000    0.000    0.000 -342.00765
       2    4.003    0.000    0.000    0.000 -337.71780
       3    3.731    0.000    0.000    0.000 -338.64543
       4    3.372    0.000    0.000    0.000 -354.22333
       5    2.841    0.000    0.000    0.000 -348.85282
       6    2.112    0.000    0.000    0.000 -352.76383
       7    2.764    0.000    0.000    0.000 -345.46378
       8    2.705    0.000    0.000    0.000 -382.50678
       9    2.779    0.000    0.000    0.000 -346.21289
      10    2.528    0.000    0.000    0.000 -348.24812
      11    2.750    0.000    0.000    0.000 -369.93373
      12    1.514    0.000    0.000    0.000 -421.77447
      13    4.095    0.000    0.000    0.000 -370.27231
      14    2.751    0.000    0.000    0.000 -340.79726
      15    3.583    0.000    0.000    0.000 -350.99813
      16    3.145    0.000    0.000    0.000 -351.89020
      17    1.619    0.000    0.000    0.000 -340.66530
      18    2.497    0.000    0.000    0.000 -343.19432
      19    2.581    0.000    0.000    0.000 -369.37556
      20    3.942    0.000    0.000    0.000 -345.95114
      21    2.132    0.000    0.000    0.000 -365.56914
      22    1.760    0.000    0.000    0.000 -348.19634
      23    3.139    0.000    0.000    0.000 -345.95200
      24    3.705    0.000    0.000    0.000 -352.29044
      25    2.393    0.000    0.000    0.000 -340.86962
      26    2.470    0.000    0.000    0.000 -362.79867
      27    2.852    0.000    0.000    0.000 -343.28744
      28    2.231    0.000    0.000    0.000 -370.56435
      29    3.256    0.000    0.000    0.000 -365.20406
      30    1.339    0.000    0.000    0.000 -337.67578
      31    3.045    0.000    0.000    0.000 -340.83669
      32    3.265    0.000    0.000    0.000 -341.16276
      33    1.936    0.000    0.000    0.000 -340.40063
      34    2.150    0.000    0.000    0.000 -339.29381
      35    2.126    0.000    0.000    0.000 -341.36836
      36    2.540    0.000    0.000    0.000 -344.53217
      37    3.206    0.000    0.000    0.000 -344.38987
      38    3.204    0.000    0.000    0.000 -340.20107
      39    3.141    0.000    0.000    0.000 -346.81948
      40    2.378    0.000    0.000    0.000 -340.51098
      41    2.240    0.000    0.000    0.000 -341.94067
      42    3.465    0.000    0.000    0.000 -338.83336
      43    2.284    0.000    0.000    0.000 -355.47910
      44    2.606    0.000    0.000    0.000 -349.04910
      45    3.088    0.000    0.000    0.000 -349.82252
      46    1.221    0.000    0.000    0.000 -341.27819
      47    2.198    0.000    0.000    0.000 -381.20510
      48    3.653    0.000    0.000    0.000 -342.31266
      49    2.174    0.000    0.000    0.000 -357.83397
      50    2.573    0.000    0.000    0.000 -346.52106
      51    3.562    0.000    0.000    0.000 -343.03234
      52    1.897    0.000    0.000    0.000 -387.88541
      53    3.352    0.000    0.000    0.000 -352.92493
      54    3.198    0.000    0.000    0.000 -344.78948
      55    3.442    0.000    0.000    0.000 -340.30374
      56    2.628    0.000    0.000    0.000 -365.64553
      57    2.866    0.000    0.000    0.000 -345.23434
      58    3.165    0.000    0.000    0.000 -350.13011
      59    2.212    0.000    0.000    0.000 -347.98323
      60    2.546    0.000    0.000    0.000 -350.03151
      61    2.724    0.000    0.000    0.000 -348.58546
      62    2.119    0.000    0.000    0.000 -367.77528
      63    2.465    0.000    0.000    0.000 -345.92522
      64    3.124    0.000    0.000    0.000 -357.65990
      65    2.512    0.000    0.000    0.000 -339.84521
      66    3.586    0.000    0.000    0.000 -342.62215
      67    2.653    0.000    0.000    0.000 -340.75029
      68    2.393    0.000    0.000    0.000 -374.35193
      69    3.033    0.000    0.000    0.000 -348.10063
      70    3.132    0.000    0.000    0.000 -350.15000
      71    2.946    0.000    0.000    0.000 -362.36559
      72    3.685    0.000    0.000    0.000 -379.59673
      73    1.896    0.000    0.000    0.000 -351.63098
      74    2.441    0.000    0.000    0.000 -339.11338
      75    1.913    0.000    0.000    0.000 -340.78219
      76    2.481    0.000    0.000    0.000 -341.99073
      77    2.303    0.000    0.000    0.000 -351.07067
      78    2.948    0.000    0.000    0.000 -365.31963
      79    3.149    0.000    0.000    0.000 -392.48988
      80    2.061    0.000    0.000    0.000 -346.88350
      81    1.645    0.000    0.000    0.000 -413.67482
      82    2.156    0.000    0.000    0.000 -351.23195
      83    3.196    0.000    0.000    0.000 -343.37557
      84    3.479    0.000    0.000    0.000 -353.03014
      85    2.063    0.000    0.000    0.000 -393.89589
      86    4.649    0.000    0.000    0.000 -349.43764
      87    3.117    0.000    0.000    0.000 -350.80132
      88    2.687    0.000    0.000    0.000 -363.36527
      89    3.775    0.000    0.000    0.000 -358.21424
      90    2.605    0.000    0.000    0.000 -346.66091
      91    3.511    0.000    0.000    0.000 -368.26274
      92    2.937    0.000    0.000    0.000 -363.12451
      93    1.753    0.000    0.000    0.000 -339.16557
      94    1.993    0.000    0.000    0.000 -391.37786
      95    2.650    0.000    0.000    0.000 -354.88635
      96    2.625    0.000    0.000    0.000 -338.48904
      97    2.963    0.000    0.000    0.000 -359.68857
      98    2.722    0.000    0.000    0.000 -342.47312
      99    1.343    0.000    0.000    0.000 -347.95570
