# Loop    RMSD[A]     Bump   BumpEx   BumpIn     Energy
# native      0.0    0.000        -        -   -498.552
       0    4.537    0.000    0.000    0.000 -291.29710
       1    3.478    0.000    0.000    0.000 -296.02957
       2    2.641    0.000    0.000    0.000 -293.04796
       3    4.452    0.000    0.000    0.000 -291.65050
       4    4.573    0.000    0.000    0.000 -264.61768
       5    4.565    0.000    0.000    0.000 -244.41664
       6    4.096    0.000    0.000    0.000 -257.46717
       7    3.469    0.000    0.000    0.000 -245.99306
       8    3.720    0.000    0.000    0.000 -321.32621
       9    2.510    0.000    0.000    0.000 -250.32071
      10    4.753    0.000    0.000    0.000 -259.08125
      11    3.621    0.000    0.000    0.000 -287.27179
      12    2.724    0.000    0.000    0.000 -312.11091
      13    3.467    0.000    0.000    0.000 -247.60613
      14    4.061    0.000    0.000    0.000 -329.25772
      15    4.022    0.000    0.000    0.000 -247.65622
      16    4.211    0.000    0.000    0.000 -293.01182
      17    5.136    0.000    0.000    0.000 -256.77000
      18    2.773    0.000    0.000    0.000 -260.80328
      19    3.653    0.000    0.000    0.000 -256.57425
      20    3.400    0.000    0.000    0.000 -248.23757
      21    2.895    0.000    0.000    0.000 -304.17468
      22    5.093    0.000    0.000    0.000 -266.77944
      23    2.880    0.000    0.000    0.000 -277.17710
      24    4.165    0.000    0.000    0.000 -259.53982
      25    6.097    0.000    0.000    0.000 -263.75993
      26    3.850    0.000    0.000    0.000 -284.97619
      27    6.044    0.000    0.000    0.000 -263.15073
      28    4.895    0.000    0.000    0.000 -258.46217
      29    2.595    0.000    0.000    0.000 -260.83347
      30    3.888    0.000    0.000    0.000 -256.29023
      31    4.949    0.000    0.000    0.000 -267.26712
      32    4.340    0.000    0.000    0.000 -312.58208
      33    4.487    0.000    0.000    0.000 -244.38610
      34    3.535    0.000    0.000    0.000 -278.64710
      35    2.079    0.000    0.000    0.000 -280.51084
      36    3.901    0.000    0.000    0.000 -260.17298
      37    2.945    0.000    0.000    0.000 -248.48590
      38    3.824    0.000    0.000    0.000 -279.74508
      39    4.653    0.000    0.000    0.000 -253.04062
      40    3.481    0.000    0.000    0.000 -253.49448
      41    5.313    0.000    0.000    0.000 -244.09200
      42    2.432    0.000    0.000    0.000 -251.66890
      43    3.640    0.000    0.000    0.000 -273.95404
      44    3.126    0.000    0.000    0.000 -259.84054
      45    4.085    0.000    0.000    0.000 -262.94625
      46    2.790    0.000    0.000    0.000 -262.66999
      47    2.477    0.000    0.000    0.000 -276.02682
      48    4.165    0.000    0.000    0.000 -272.15916
      49    3.558    0.000    0.000    0.000 -266.08477
      50    3.600    0.000    0.000    0.000 -293.69960
      51    3.351    0.000    0.000    0.000 -245.96159
      52    5.068    0.000    0.000    0.000 -250.49979
      53    2.816    0.000    0.000    0.000 -259.92500
      54    5.774    0.000    0.000    0.000 -258.07478
      55    3.611    0.000    0.000    0.000 -272.60662
      56    5.266    0.000    0.000    0.000 -244.06604
      57    3.636    0.000    0.000    0.000 -248.17698
      58    3.161    0.000    0.000    0.000 -319.49920
      59    2.177    0.000    0.000    0.000 -336.98445
      60    2.865    0.000    0.000    0.000 -255.52912
      61    3.674    0.000    0.000    0.000 -269.11538
      62    3.070    0.000    0.000    0.000 -248.15866
      63    4.143    0.000    0.000    0.000 -258.74643
      64    3.620    0.000    0.000    0.000 -272.70708
      65    3.495    0.000    0.000    0.000 -292.58915
      66    5.607    0.000    0.000    0.000 -250.01609
      67    3.555    0.000    0.000    0.000 -264.54662
      68    3.131    0.000    0.000    0.000 -327.61189
      69    5.067    0.000    0.000    0.000 -278.72889
      70    2.863    0.000    0.000    0.000 -271.43969
      71    3.460    0.000    0.000    0.000 -249.80016
      72    3.740    0.000    0.000    0.000 -270.19579
      73    4.122    0.000    0.000    0.000 -243.99893
      74    4.370    0.000    0.000    0.000 -294.91722
      75    3.602    0.000    0.000    0.000 -250.33489
      76    3.722    0.000    0.000    0.000 -254.76058
      77    3.944    0.000    0.000    0.000 -261.45096
      78    3.332    0.000    0.000    0.000 -263.40559
      79    3.028    0.000    0.000    0.000 -303.31367
      80    3.197    0.000    0.000    0.000 -313.53064
      81    4.294    0.000    0.000    0.000 -249.28601
      82    3.701    0.000    0.000    0.000 -248.17160
      83    5.159    0.000    0.000    0.000 -314.36351
      84    3.494    0.000    0.000    0.000 -244.71130
      85    4.139    0.000    0.000    0.000 -244.18453
      86    2.589    0.000    0.000    0.000 -254.81367
      87    2.777    0.000    0.000    0.000 -288.47992
      88    2.837    0.000    0.000    0.000 -244.69496
      89    3.526    0.000    0.000    0.000 -280.67010
      90    2.887    0.000    0.000    0.000 -283.85674
      91    4.067    0.000    0.000    0.000 -243.40426
      92    3.213    0.000    0.000    0.000 -252.52551
      93    3.576    0.000    0.000    0.000 -246.19576
      94    3.494    0.000    0.000    0.000 -315.64385
      95    3.665    0.000    0.000    0.000 -263.50293
      96    4.088    0.000    0.000    0.000 -264.44630
      97    4.463    0.000    0.000    0.000 -249.16640
      98    3.385    0.000    0.000    0.000 -258.15645
      99    3.646    0.000    0.000    0.000 -265.81158
