# Loop    RMSD[A]     Bump   BumpEx   BumpIn     Energy
# native      0.0    0.000        -        -   -656.308
       0    3.185    0.000    0.000    0.000 -255.94537
       1    1.325    0.000    0.000    0.000 -301.35298
       2    4.907    0.000    0.000    0.000 -222.97406
       3    5.003    0.000    0.000    0.000 -255.26828
       4    4.292    0.000    0.000    0.000 -242.49300
       5    6.586    0.000    0.000    0.000 -246.78252
       6    6.654    0.000    0.000    0.000 -230.85708
       7    4.837    0.000    0.000    0.000 -226.69903
       8    3.427    0.000    0.000    0.000 -222.10437
       9    3.573    0.000    0.000    0.000 -232.16771
      10    4.660    0.000    0.000    0.000 -221.61659
      11    9.005    0.000    0.000    0.000 -232.73155
      12    3.873    0.000    0.000    0.000 -219.98238
      13    4.846    0.000    0.000    0.000 -225.64774
      14    4.807    0.000    0.000    0.000 -228.93247
      15    3.469    0.000    0.000    0.000 -272.01147
      16    4.778    0.000    0.000    0.000 -246.79128
      17    4.166    0.000    0.000    0.000 -222.87221
      18    4.516    0.000    0.000    0.000 -221.38693
      19    3.107    0.000    0.000    0.000 -289.91649
      20    4.451    0.000    0.000    0.000 -220.00801
      21    3.415    0.000    0.000    0.000 -219.86788
      22    6.171    0.000    0.000    0.000 -228.46281
      23    5.668    0.000    0.000    0.000 -232.59761
      24    2.914    0.000    0.000    0.000 -291.48995
      25    5.096    0.000    0.000    0.000 -219.65050
      26    4.013    0.000    0.000    0.000 -228.12674
      27    4.005    0.000    0.000    0.000 -222.44532
      28    4.569    0.000    0.000    0.000 -263.64395
      29    3.460    0.000    0.000    0.000 -266.36295
      30    4.968    0.000    0.000    0.000 -223.21407
      31    4.337    0.000    0.000    0.000 -222.36889
      32    4.544    0.000    0.000    0.000 -253.19241
      33    4.999    0.000    0.000    0.000 -238.35743
      34    3.766    0.000    0.000    0.000 -246.28942
      35    4.912    0.000    0.000    0.000 -228.90571
      36    5.656    0.000    0.000    0.000 -231.42828
      37    4.956    0.000    0.000    0.000 -220.18307
      38    2.076    0.000    0.000    0.000 -239.95466
      39    6.928    0.000    0.000    0.000 -228.25781
      40    3.948    0.000    0.000    0.000 -220.87112
      41    2.929    0.000    0.000    0.000 -294.86938
      42    5.543    0.000    0.000    0.000 -312.42879
      43    4.872    0.000    0.000    0.000 -225.32631
      44    4.758    0.000    0.000    0.000 -229.46697
      45    3.719    0.000    0.000    0.000 -230.00848
      46    4.213    0.000    0.000    0.000 -272.08460
      47    2.941    0.000    0.000    0.000 -268.75251
      48    4.307    0.000    0.000    0.000 -236.54354
      49    5.417    0.000    0.000    0.000 -250.19627
      50    3.120    0.000    0.000    0.000 -241.78015
      51    4.531    0.000    0.000    0.000 -225.26186
      52    4.581    0.000    0.000    0.000 -225.27292
      53    4.324    0.000    0.000    0.000 -241.47171
      54    5.198    0.000    0.000    0.000 -264.88621
      55    2.732    0.000    0.000    0.000 -237.28329
      56    3.131    0.000    0.000    0.000 -289.82306
      57    5.371    0.000    0.000    0.000 -257.69703
      58    3.795    0.000    0.000    0.000 -240.30759
      59    4.047    0.000    0.000    0.000 -219.28611
      60    4.831    0.000    0.000    0.000 -252.85490
      61    4.995    0.000    0.000    0.000 -249.32736
      62    4.199    0.000    0.000    0.000 -239.03817
      63    3.977    0.000    0.000    0.000 -264.71259
      64    4.451    0.000    0.000    0.000 -219.31832
      65    3.091    0.000    0.000    0.000 -245.56633
      66    3.844    0.000    0.000    0.000 -230.79279
      67    3.402    0.000    0.000    0.000 -249.68097
      68    2.950    0.000    0.000    0.000 -291.65386
      69    3.682    0.000    0.000    0.000 -227.78126
      70    3.507    0.000    0.000    0.000 -230.38182
      71    6.095    0.000    0.000    0.000 -229.20636
      72    5.255    0.000    0.000    0.000 -224.36950
      73    4.549    0.000    0.000    0.000 -244.69452
      74    3.989    0.000    0.000    0.000 -255.03956
      75    3.575    0.000    0.000    0.000 -229.29266
      76    1.905    0.000    0.000    0.000 -223.16388
      77    4.538    0.000    0.000    0.000 -250.81641
      78    4.690    0.000    0.000    0.000 -222.82814
      79    5.389    0.000    0.000    0.000 -236.51399
      80    3.329    0.000    0.000    0.000 -275.26383
      81    2.672    0.000    0.000    0.000 -266.55422
      82    3.457    0.000    0.000    0.000 -238.34707
      83    2.004    0.000    0.000    0.000 -250.83978
      84    4.134    0.000    0.000    0.000 -226.23413
      85    3.693    0.000    0.000    0.000 -307.52319
      86    4.067    0.000    0.000    0.000 -230.96026
      87    4.467    0.000    0.000    0.000 -237.86067
      88    4.335    0.000    0.000    0.000 -265.64159
      89    4.188    0.000    0.000    0.000 -260.68185
      90    3.733    0.000    0.000    0.000 -227.91372
      91    2.704    0.000    0.000    0.000 -224.01386
      92    3.561    0.000    0.000    0.000 -266.05645
      93    3.053    0.000    0.000    0.000 -242.18295
      94    4.441    0.000    0.000    0.000 -222.00696
      95    2.214    0.000    0.000    0.000 -234.23232
      96    3.131    0.000    0.000    0.000 -247.03240
      97    5.437    0.000    0.000    0.000 -226.86479
      98    5.138    0.000    0.000    0.000 -222.68081
      99    3.655    0.000    0.000    0.000 -240.54929
