# Loop    RMSD[A]     Bump   BumpEx   BumpIn     Energy
# native      0.0    0.000        -        -   -398.834
       0    4.942    0.000    0.000    0.000 -185.74738
       1    5.312    0.000    0.000    0.000 -198.54625
       2    7.245    0.000    0.000    0.000 -178.02095
       3    5.617    0.000    0.000    0.000 -184.47202
       4    6.465    0.000    0.000    0.000 -194.37843
       5    8.813    0.000    0.000    0.000 -192.47017
       6    8.484    0.000    0.000    0.000 -189.87895
       7    4.953    0.000    0.000    0.000 -216.42267
       8    9.477    0.000    0.000    0.000 -196.40186
       9    8.267    0.000    0.000    0.000 -178.01888
      10    6.697    0.000    0.000    0.000 -179.24290
      11    6.001    0.000    0.000    0.000 -179.10791
      12    5.844    0.000    0.000    0.000 -191.97012
      13   11.039    0.000    0.000    0.000 -189.48034
      14    3.791    0.000    0.000    0.000 -234.30181
      15    3.954    0.000    0.000    0.000 -224.38935
      16    4.902    0.000    0.000    0.000 -182.94775
      17    3.216    0.000    0.000    0.000 -257.32814
      18    5.973    0.000    0.000    0.000 -222.04716
      19    6.166    0.000    0.000    0.000 -203.25009
      20    4.747    0.000    0.000    0.000 -178.65463
      21    5.988    0.000    0.000    0.000 -220.68953
      22   10.457    0.000    0.000    0.000 -191.58259
      23    4.892    0.000    0.000    0.000 -206.62033
      24    6.056    0.000    0.000    0.000 -182.74946
      25    7.744    0.000    0.000    0.000 -209.18515
      26    4.982    0.000    0.000    0.000 -240.37675
      27    2.476    0.000    0.000    0.000 -184.32302
      28    4.516    0.000    0.000    0.000 -213.19550
      29    8.764    0.000    0.000    0.000 -180.03823
      30    6.014    0.000    0.000    0.000 -181.08112
      31    4.187    0.000    0.000    0.000 -200.68815
      32    7.753    0.000    0.000    0.000 -187.16127
      33    5.380    0.000    0.000    0.000 -177.73019
      34    9.099    0.000    0.000    0.000 -192.60719
      35    5.488    0.000    0.000    0.000 -258.37522
      36   11.589    0.000    0.000    0.000 -198.44799
      37    4.808    0.000    0.000    0.000 -229.75072
      38    4.930    0.000    0.000    0.000 -180.94196
      39    6.453    0.000    0.000    0.000 -202.56510
      40    6.732    0.000    0.000    0.000 -181.72032
      41    9.958    0.000    0.000    0.000 -205.76047
      42    7.784    0.000    0.000    0.000 -188.47357
      43    5.927    0.000    0.000    0.000 -203.87412
      44   10.969    0.000    0.000    0.000 -206.45978
      45    6.766    0.000    0.000    0.000 -205.15145
      46    9.638    0.000    0.000    0.000 -187.43829
      47    6.423    0.000    0.000    0.000 -192.55903
      48    5.025    0.000    0.000    0.000 -293.79858
      49   10.680    0.000    0.000    0.000 -190.42656
      50    6.848    0.000    0.000    0.000 -190.71385
      51    7.977    0.000    0.000    0.000 -178.92907
      52    5.000    0.000    0.000    0.000 -216.35922
      53    7.897    0.000    0.000    0.000 -183.81285
      54    9.566    0.000    0.000    0.000 -193.41682
      55    6.931    0.000    0.000    0.000 -217.91903
      56    4.061    0.000    0.000    0.000 -219.28460
      57    5.719    0.000    0.000    0.000 -181.36980
      58    6.012    0.000    0.000    0.000 -205.72778
      59    7.637    0.000    0.000    0.000 -200.48463
      60    4.392    0.000    0.000    0.000 -187.12255
      61    3.855    0.000    0.000    0.000 -200.49472
      62    7.212    0.000    0.000    0.000 -203.82209
      63    4.890    0.000    0.000    0.000 -191.97169
      64    2.818    0.000    0.000    0.000 -217.10788
      65    6.943    0.000    0.000    0.000 -200.21125
      66    8.900    0.000    0.000    0.000 -181.12220
      67    5.022    0.000    0.000    0.000 -177.64841
      68   10.770    0.000    0.000    0.000 -197.33336
      69    5.934    0.000    0.000    0.000 -217.66150
      70    5.895    0.000    0.000    0.000 -189.37908
      71    5.610    0.000    0.000    0.000 -180.79327
      72    4.873    0.000    0.000    0.000 -214.53773
      73    7.591    0.000    0.000    0.000 -186.60727
      74    5.963    0.000    0.000    0.000 -197.60292
      75    2.218    0.000    0.000    0.000 -265.31691
      76    4.082    0.000    0.000    0.000 -202.34399
      77    8.107    0.000    0.000    0.000 -200.03478
      78    8.773    0.000    0.000    0.000 -211.26479
      79    8.130    0.000    0.000    0.000 -196.88704
      80    6.042    0.000    0.000    0.000 -211.00171
      81    4.527    0.000    0.000    0.000 -196.74505
      82    6.695    0.000    0.000    0.000 -196.80068
      83    6.207    0.000    0.000    0.000 -214.01506
      84    6.255    0.000    0.000    0.000 -214.98608
      85    8.192    0.000    0.000    0.000 -181.70939
      86    2.981    0.000    0.000    0.000 -231.66364
      87   12.523    0.000    0.000    0.000 -182.13240
      88    6.164    0.000    0.000    0.000 -198.53015
      89    4.937    0.000    0.000    0.000 -190.87080
      90    8.935    0.000    0.000    0.000 -200.44934
      91    5.388    0.000    0.000    0.000 -200.67103
      92    4.276    0.000    0.000    0.000 -178.76434
      93    6.401    0.000    0.000    0.000 -188.76617
      94    6.220    0.000    0.000    0.000 -221.56571
      95    4.747    0.000    0.000    0.000 -213.16442
      96   10.076    0.000    0.000    0.000 -196.96115
      97   10.053    0.000    0.000    0.000 -198.84852
      98    5.975    0.000    0.000    0.000 -178.27821
      99    9.249    0.000    0.000    0.000 -179.76434
