# Loop    RMSD[A]     Bump   BumpEx   BumpIn     Energy
# native      0.0    0.000        -        -   -459.463
       0    4.814    0.000    0.000    0.000 -254.59686
       1    4.174    0.000    0.000    0.000 -258.85393
       2    4.471    0.000    0.000    0.000 -276.28753
       3    3.476    0.000    0.000    0.000 -298.94969
       4    3.133    0.000    0.000    0.000 -260.07190
       5    2.183    0.000    0.000    0.000 -258.14451
       6    2.855    0.000    0.000    0.000 -243.61409
       7    2.736    0.000    0.000    0.000 -241.59867
       8    4.769    0.000    0.000    0.000 -243.97640
       9    4.831    0.000    0.000    0.000 -256.48775
      10    2.835    0.000    0.000    0.000 -274.91220
      11    3.049    0.000    0.000    0.000 -248.19513
      12    2.609    0.000    0.000    0.000 -241.69336
      13    4.648    0.000    0.000    0.000 -246.71255
      14    3.114    0.000    0.000    0.000 -251.48029
      15    4.495    0.000    0.000    0.000 -239.64228
      16    2.638    0.000    0.000    0.000 -255.42639
      17    4.086    0.000    0.000    0.000 -286.16398
      18    3.073    0.000    0.000    0.000 -241.58202
      19    3.581    0.000    0.000    0.000 -278.12780
      20    4.800    0.000    0.000    0.000 -242.12575
      21    3.669    0.000    0.000    0.000 -262.54516
      22    3.552    0.000    0.000    0.000 -290.78505
      23    4.329    0.000    0.000    0.000 -349.76881
      24    3.094    0.000    0.000    0.000 -262.26426
      25    3.379    0.000    0.000    0.000 -285.61250
      26    4.060    0.000    0.000    0.000 -278.18543
      27    4.573    0.000    0.000    0.000 -260.48211
      28    2.492    0.000    0.000    0.000 -271.36413
      29    2.440    0.000    0.000    0.000 -258.07355
      30    5.521    0.000    0.000    0.000 -242.36044
      31    3.670    0.000    0.000    0.000 -242.57529
      32    4.068    0.000    0.000    0.000 -268.92427
      33    2.140    0.000    0.000    0.000 -246.70785
      34    2.164    0.000    0.000    0.000 -258.08047
      35    3.159    0.000    0.000    0.000 -263.32405
      36    2.589    0.000    0.000    0.000 -286.79861
      37    4.351    0.000    0.000    0.000 -276.95997
      38    2.636    0.000    0.000    0.000 -306.59797
      39    4.886    0.000    0.000    0.000 -256.62222
      40    4.766    0.000    0.000    0.000 -239.91313
      41    3.116    0.000    0.000    0.000 -250.94019
      42    5.164    0.000    0.000    0.000 -252.86381
      43    3.185    0.000    0.000    0.000 -253.31280
      44    1.926    0.000    0.000    0.000 -295.00639
      45    4.668    0.000    0.000    0.000 -250.82149
      46    4.141    0.000    0.000    0.000 -248.79611
      47    3.095    0.000    0.000    0.000 -252.10434
      48    5.301    0.000    0.000    0.000 -261.52973
      49    2.897    0.000    0.000    0.000 -249.12400
      50    2.552    0.000    0.000    0.000 -270.84590
      51    4.745    0.000    0.000    0.000 -287.96355
      52    4.156    0.000    0.000    0.000 -241.60299
      53    4.574    0.000    0.000    0.000 -251.54347
      54    1.948    0.000    0.000    0.000 -266.12397
      55    5.375    0.000    0.000    0.000 -240.42778
      56    3.091    0.000    0.000    0.000 -241.45546
      57    2.581    0.000    0.000    0.000 -277.80753
      58    3.171    0.000    0.000    0.000 -245.26281
      59    3.073    0.000    0.000    0.000 -242.23476
      60    4.577    0.000    0.000    0.000 -301.28319
      61    4.401    0.000    0.000    0.000 -251.00468
      62    2.175    0.000    0.000    0.000 -311.21998
      63    2.890    0.000    0.000    0.000 -264.43726
      64    2.432    0.000    0.000    0.000 -271.71783
      65    1.992    0.000    0.000    0.000 -241.05110
      66    3.774    0.000    0.000    0.000 -242.43633
      67    3.097    0.000    0.000    0.000 -253.85307
      68    3.928    0.000    0.000    0.000 -257.92957
      69    4.769    0.000    0.000    0.000 -261.45228
      70    2.822    0.000    0.000    0.000 -294.83780
      71    3.852    0.000    0.000    0.000 -265.27714
      72    3.439    0.000    0.000    0.000 -240.64494
      73    4.044    0.000    0.000    0.000 -247.95356
      74    4.951    0.000    0.000    0.000 -258.16998
      75    3.302    0.000    0.000    0.000 -285.33538
      76    4.843    0.000    0.000    0.000 -255.84452
      77    2.792    0.000    0.000    0.000 -285.05513
      78    4.476    0.000    0.000    0.000 -249.80211
      79    2.823    0.000    0.000    0.000 -271.03765
      80    4.107    0.000    0.000    0.000 -273.69509
      81    3.307    0.000    0.000    0.000 -324.73109
      82    3.369    0.000    0.000    0.000 -301.83661
      83    3.548    0.000    0.000    0.000 -256.24171
      84    1.640    0.000    0.000    0.000 -283.92020
      85    2.187    0.000    0.000    0.000 -254.22560
      86    2.291    0.000    0.000    0.000 -264.89837
      87    2.786    0.000    0.000    0.000 -256.46536
      88    3.999    0.000    0.000    0.000 -272.17395
      89    3.225    0.000    0.000    0.000 -284.24351
      90    3.983    0.000    0.000    0.000 -287.24668
      91    4.510    0.000    0.000    0.000 -282.02682
      92    4.527    0.000    0.000    0.000 -246.11325
      93    4.935    0.000    0.000    0.000 -240.85110
      94    3.323    0.000    0.000    0.000 -259.36232
      95    3.971    0.000    0.000    0.000 -265.40147
      96    3.956    0.000    0.000    0.000 -251.23453
      97    2.352    0.000    0.000    0.000 -287.54879
      98    4.763    0.000    0.000    0.000 -255.90180
      99    4.266    0.000    0.000    0.000 -309.13358
