# Loop    RMSD[A]     Bump   BumpEx   BumpIn     Energy
# native      0.0    0.000        -        -   -549.053
       0    2.393    0.000    0.000    0.000 -360.66509
       1    3.213    0.000    0.000    0.000 -385.23359
       2    3.423    0.000    0.000    0.000 -367.07137
       3    1.974    0.000    0.000    0.000 -363.17402
       4    2.207    0.000    0.000    0.000 -365.69953
       5    1.053    0.000    0.000    0.000 -399.13076
       6    2.357    0.000    0.000    0.000 -363.86308
       7    1.908    0.000    0.000    0.000 -403.84073
       8    3.273    0.000    0.000    0.000 -374.26332
       9    1.199    0.000    0.000    0.000 -404.25626
      10    2.430    0.000    0.000    0.000 -369.82473
      11    1.747    0.000    0.000    0.000 -393.77712
      12    2.674    0.000    0.000    0.000 -389.35683
      13    3.217    0.000    0.000    0.000 -362.76828
      14    2.686    0.000    0.000    0.000 -367.92834
      15    2.177    0.000    0.000    0.000 -392.34994
      16    2.414    0.000    0.000    0.000 -366.88316
      17    2.841    0.000    0.000    0.000 -362.33484
      18    2.562    0.000    0.000    0.000 -380.84562
      19    1.782    0.000    0.000    0.000 -414.45831
      20    1.952    0.000    0.000    0.000 -393.40844
      21    1.890    0.000    0.000    0.000 -401.00280
      22    1.647    0.000    0.000    0.000 -366.95598
      23    3.802    0.000    0.000    0.000 -362.45739
      24    3.347    0.000    0.000    0.000 -362.98797
      25    2.031    0.000    0.000    0.000 -367.15287
      26    3.840    0.000    0.000    0.000 -360.01785
      27    2.418    0.000    0.000    0.000 -376.28952
      28    1.981    0.000    0.000    0.000 -430.53626
      29    2.224    0.000    0.000    0.000 -360.83775
      30    1.619    0.000    0.000    0.000 -381.98435
      31    2.282    0.000    0.000    0.000 -382.33834
      32    2.324    0.000    0.000    0.000 -380.75782
      33    1.425    0.000    0.000    0.000 -373.61687
      34    1.609    0.000    0.000    0.000 -368.20879
      35    0.952    0.000    0.000    0.000 -418.43629
      36    2.170    0.000    0.000    0.000 -361.15555
      37    2.000    0.000    0.000    0.000 -382.67465
      38    1.918    0.000    0.000    0.000 -372.64902
      39    1.372    0.000    0.000    0.000 -393.34610
      40    1.611    0.000    0.000    0.000 -371.14906
      41    1.406    0.000    0.000    0.000 -360.31009
      42    2.731    0.000    0.000    0.000 -363.47349
      43    1.229    0.000    0.000    0.000 -385.33376
      44    1.940    0.000    0.000    0.000 -408.60895
      45    2.689    0.000    0.000    0.000 -413.31995
      46    1.440    0.000    0.000    0.000 -383.57672
      47    1.900    0.000    0.000    0.000 -411.75149
      48    1.215    0.000    0.000    0.000 -362.44760
      49    1.255    0.000    0.000    0.000 -393.98221
      50    2.975    0.000    0.000    0.000 -362.06785
      51    3.370    0.000    0.000    0.000 -366.50775
      52    2.640    0.000    0.000    0.000 -376.47170
      53    1.217    0.000    0.000    0.000 -433.99489
      54    1.543    0.000    0.000    0.000 -371.20280
      55    1.976    0.000    0.000    0.000 -386.18693
      56    1.919    0.000    0.000    0.000 -378.62702
      57    1.313    0.000    0.000    0.000 -443.59327
      58    3.081    0.000    0.000    0.000 -375.98023
      59    2.004    0.000    0.000    0.000 -374.09536
      60    3.372    0.000    0.000    0.000 -367.90617
      61    3.284    0.000    0.000    0.000 -376.15082
      62    1.496    0.000    0.000    0.000 -360.31075
      63    2.779    0.000    0.000    0.000 -367.17021
      64    1.971    0.000    0.000    0.000 -391.22890
      65    2.130    0.000    0.000    0.000 -369.02186
      66    2.451    0.000    0.000    0.000 -383.65088
      67    1.480    0.000    0.000    0.000 -363.80692
      68    1.934    0.000    0.000    0.000 -368.00604
      69    1.279    0.000    0.000    0.000 -395.13450
      70    2.115    0.000    0.000    0.000 -359.41060
      71    1.979    0.000    0.000    0.000 -401.72511
      72    1.871    0.000    0.000    0.000 -415.14429
      73    2.309    0.000    0.000    0.000 -371.11584
      74    1.887    0.000    0.000    0.000 -440.34397
      75    2.520    0.000    0.000    0.000 -368.47451
      76    1.964    0.000    0.000    0.000 -364.91902
      77    2.030    0.000    0.000    0.000 -415.99488
      78    2.451    0.000    0.000    0.000 -366.54323
      79    2.261    0.000    0.000    0.000 -396.24420
      80    1.519    0.000    0.000    0.000 -387.92802
      81    1.524    0.000    0.000    0.000 -366.56460
      82    1.426    0.000    0.000    0.000 -427.53623
      83    3.503    0.000    0.000    0.000 -361.39216
      84    2.780    0.000    0.000    0.000 -359.40003
      85    3.454    0.000    0.000    0.000 -368.51208
      86    1.359    0.000    0.000    0.000 -362.12822
      87    2.167    0.000    0.000    0.000 -367.08551
      88    2.008    0.000    0.000    0.000 -362.52819
      89    1.667    0.000    0.000    0.000 -385.76764
      90    3.789    0.000    0.000    0.000 -393.35909
      91    2.506    0.000    0.000    0.000 -388.82835
      92    1.748    0.000    0.000    0.000 -408.41828
      93    2.171    0.000    0.000    0.000 -368.48825
      94    2.206    0.000    0.000    0.000 -399.94234
      95    1.471    0.000    0.000    0.000 -396.69364
      96    3.569    0.000    0.000    0.000 -361.40988
      97    1.627    0.000    0.000    0.000 -364.00565
      98    2.426    0.000    0.000    0.000 -362.93851
      99    1.751    0.000    0.000    0.000 -385.90972
